
15:
[14, 14, 14, 14, 9, 14, 11, 11, 11, 11, 11, 0, 0, 0, 0, 1, 1, 1, 1, 3, 3, 3, 3, 7, 7, 7, 13, 13, 13, 13, 14, 14, 1, 14, 4, 4, 4, 13, 13, 13, 13, 13, 13, 1, 1, 1, 1, 1, 1, 1, 1, 7, 2, 15, 7, 7, 7, 7, 7, 2, 7, 7, 7, 7, 7, 7, 2, 2, 2, 2, 2, 2, 2, 1, 1, 1, 1, 1, 1, 13, 4, 13, 13, 13, 7, 4, 4, 4, 4, 4]
[15, 15, 15, 15, 15, 15, 12, 12, 12, 12, 12, 9, 9, 9, 1, 15, 13, 15, 15, 2, 2, 10, 2, 11, 11, 11, 15, 15, 15, 15, 5, 5, 5, 12, 14, 14, 14, 11, 0, 6, 11, 2, 2, 2, 2, 11, 2, 7, 7, 7, 6, 2, 6, 6, 6, 15, 15, 15, 15, 15, 15, 15, 15, 15, 5, 2, 6, 6, 6, 6, 6, 6, 6, 7, 7, 0, 11, 0, 11, 0, 11, 2, 11, 11, 14, 5, 14, 5, 14, 3]
13
[14, 14, 14, 14, 14, 14, 12, 12, 12, 12, 12, 15, 15, 15, 15, 12, 12, 13, 2, 1, 11, 9, 13, 11, 5, 10, 4, 10, 1, 12, 13, 13, 13, 13, 6, 6, 6, 6, 6, 15, 15, 15, 15, 15, 1, 1, 6, 6, 6, 6, 6, 6, 6, 6, 6, 6, 6, 6, 6, 5, 1, 1, 1, 10, 1, 15, 15, 15, 15, 15, 15, 6, 6, 6, 6, 1, 14, 13]
[13, 13, 13, 13, 13, 13, 8, 8, 8, 8, 8, 15, 15, 15, 15, 12, 12, 12, 12, 14, 14, 14, 7, 5, 5, 5, 14, 1, 14, 14, 3, 11, 11, 11, 11, 11, 11, 11, 11, 11, 11, 1, 1, 4, 1, 1, 1, 1, 3, 3, 3, 3, 3, 6, 3, 3, 3, 3, 3, 3, 1, 1, 1, 1, 15, 0, 15, 15, 7, 10, 10, 15, 15, 11, 11, 11, 14, 14]
10:
[11, 11, 11, 11, 11, 11, 0, 0, 0, 0, 0, 1, 1, 12, 1, 14, 14, 1, 14, 2, 2, 1, 11, 7, 11, 11, 11, 11, 11, 5, 5, 4, 4, 0, 4, 4, 7, 7, 7, 7, 7, 7, 7, 7, 7, 7, 7, 7, 4, 4, 4, 4, 4, 4, 4, 5, 11, 11, 11, 11]
[14, 14, 14, 14, 14, 14, 10, 10, 10, 10, 10, 0, 0, 0, 0, 1, 1, 1, 1, 14, 9, 14, 14, 4, 4, 4, 4, 4, 4, 4, 15, 15, 15, 15, 15, 5, 5, 14, 14, 14, 14, 14, 14, 14, 14, 14, 14, 14, 14, 14, 5, 15, 15, 15, 15, 15, 15, 15, 4, 4]
7:
[8, 8, 8, 8, 9, 8, 13, 13, 13, 13, 13, 0, 0, 0, 1, 11, 11, 11, 3, 3, 3, 1, 1, 1, 6, 4, 4, 4, 4, 4, 4, 4, 15, 1, 4, 4, 4, 1, 1, 1, 10, 3]


