13 0 0.963206357242474 7.80000000 9 250.95223403
13 1 0.9486685311388589 7.65000000 88 2248.17250013
13 2 0.9700179509537138 7.80000000 10 309.61641216
13 3 0.9550644341210575 7.80000000 16 488.73809791
13 4 0.9537750326278995 7.80000000 15 459.45233202
13 5 0.9564928496031276 7.80000000 16 487.32813954
13 6 0.952712791283708 7.80000000 11 339.04119468
13 7 0.9507912729538426 7.65000000 31 929.52744985
13 8 0.9568004231277362 7.80000000 13 378.49129891
13 9 0.9553831391485199 7.80000000 15 435.25032926
