22
33
34
7
15
38
27
25
35
13
40
35
15
1
9
19
29
1
2
40
12
27
2
3
22
3
39
28
4
14
30
5
21
5
22
1
39
6
32
23
40
39
7
30
18
25
35
30
4
19
9
35
20
10
20
26
30
22
2
12
31
6
12
31
37
29
40
0
29
9
25
31
34
1
15
16
32
32
27
35
3
12
28
18
9
29
39
14
39
29
5
14
36
31
20
11
4
32
11
12
22
33
34
7
39
38
18
25
34
15
25
11
15
19
36
14
14
37
1
40
12
27
40
38
22
3
39
16
30
14
22
2
21
40
26
15
10
25
10
24
8
33
1
1
16
25
35
20
4
39
40
39
3
10
39
35
4
39
2
40
37
39
7
39
35
39
39
39
40
35
39
31
39
33
38
40
9
27
40
35
40
38
28
40
29
39
39
14
39
18
39
14
39
31
21
40
8
38
39
31
