7
4
8
33
38
7
19
20
35
24
25
30
36
8
17
1
26
39
2
26
28
19
21
39
3
36
13
0
4
22
27
34
23
5
31
35
24
16
28
34
7
1
7
29
1
33
19
3
9
4
19
20
10
1
27
20
36
6
29
12
22
12
36
1
23
13
3
34
8
24
2
38
39
0
16
37
9
5
16
6
27
28
38
5
29
18
39
40
5
29
4
20
31
12
14
5
4
32
40
5
32
33
14
33
5
6
19
21
34
20
25
0
15
36
16
1
26
20
18
13
21
14
21
39
38
1
21
0
30
8
11
1
23
40
15
12
6
16
13
34
1
33
13
33
1
18
12
33
14
40
40
12
40
33
40
40
36
39
29
39
25
39
36
1
39
9
3
34
39
11
24
38
39
19
16
37
9
39
16
6
40
40
38
5
39
18
39
36
39
39
37
39
14
17
39
5
4
0
39
5
