17
14
33
29
14
17
31
8
0
23
17
23
34
38
1
30
10
20
10
31
22
26
3
0
3
2
37
4
28
4
36
5
5
5
31
0
32
6
17
23
32
7
32
35
3
28
8
2
19
35
9
0
31
0
10
37
37
40
32
38
2
31
12
23
13
32
2
40
39
38
37
15
25
26
39
16
6
27
37
7
17
40
12
8
28
29
37
19
0
14
10
30
20
15
15
40
4
22
2
32
22
39
33
9
14
34
24
17
34
35
17
7
16
36
17
9
39
20
26
37
13
19
40
38
6
3
8
4
14
39
13
5
7
5
31
0
23
6
17
23
5
26
32
31
34
28
19
2
33
39
39
40
31
39
33
37
39
35
37
39
38
31
39
37
32
40
39
17
39
32
37
32
39
26
39
5
6
40
37
34
40
6
24
39
17
39
37
40
0
37
39
20
40
40
22
40
40
20
15
26
