5
5
22
7
0
17
16
15
21
25
9
20
26
1
24
28
1
19
31
11
29
2
38
3
28
20
24
30
4
23
30
24
5
1
15
16
22
33
24
32
7
40
28
7
25
38
30
8
4
38
38
9
28
38
10
38
39
21
0
12
12
28
12
23
1
13
36
24
1
14
4
9
38
15
10
6
0
10
27
17
11
2
39
4
18
29
2
38
0
34
30
20
40
7
15
12
12
32
15
40
10
38
13
7
10
11
39
34
0
14
35
5
26
8
9
39
1
26
37
11
10
1
38
7
39
10
13
30
19
6
30
16
31
40
12
4
26
18
17
19
0
18
1
7
17
34
35
36
36
39
40
24
39
26
5
38
39
21
5
38
5
39
14
38
1
39
8
34
39
40
40
9
39
15
10
39
5
28
27
40
40
32
39
4
18
33
39
8
8
39
20
36
40
18
40
8
39
16
21
40
