22
7
20
7
23
8
7
33
18
37
31
22
18
1
18
1
10
31
29
12
2
15
30
35
3
1
38
1
39
4
23
15
5
16
1
21
16
17
6
31
3
7
19
2
34
31
8
30
19
9
1
20
27
40
10
5
0
6
22
38
39
7
0
12
13
24
35
7
1
30
36
40
25
26
16
36
16
2
40
27
4
6
13
18
39
7
13
29
30
37
6
37
31
1
21
5
38
22
33
32
22
7
13
7
23
11
38
11
18
3
35
5
40
25
20
3
39
17
37
26
20
11
23
38
21
29
20
13
39
16
23
17
17
40
1
18
4
8
29
19
3
28
24
2
34
33
26
30
7
39
40
40
3
39
39
5
40
6
39
15
39
35
39
12
40
39
35
39
38
39
36
40
32
40
40
13
39
34
38
39
13
26
13
8
39
7
37
5
39
15
6
34
40
38
28
5
39
22
39
32
