6
16
40
0
27
14
17
37
0
35
36
17
0
1
16
0
1
37
2
38
2
26
31
19
3
12
12
25
4
25
15
27
23
5
15
26
33
30
39
23
0
2
24
7
8
4
18
18
9
9
40
28
20
20
21
40
10
21
27
11
12
35
3
33
40
4
8
14
9
7
14
25
1
15
39
34
16
27
28
7
27
39
4
18
28
18
38
40
3
30
0
40
1
35
31
31
21
16
22
5
40
17
40
0
34
24
1
8
0
35
36
17
18
40
16
12
25
37
2
0
2
21
28
40
1
39
4
25
23
24
11
5
23
29
15
21
33
20
16
3
3
2
25
33
36
37
18
38
36
25
40
28
28
0
37
40
39
36
40
29
29
38
40
36
40
36
40
17
39
7
39
6
4
38
39
34
24
6
39
30
37
39
39
39
39
34
38
40
3
30
40
28
29
40
34
14
40
5
38
39
