12
17
15
5
31
23
17
21
14
6
12
37
19
20
19
1
37
37
32
10
2
26
25
32
22
36
40
29
4
21
1
5
15
37
1
1
6
37
16
27
7
3
17
35
7
24
8
19
4
9
37
24
35
3
20
31
3
29
11
12
23
32
7
8
13
39
32
8
7
14
38
4
26
25
37
16
10
35
32
31
39
5
17
30
12
30
29
18
4
19
6
14
33
0
32
2
31
3
22
37
17
17
6
34
38
40
17
35
10
36
12
37
19
14
19
8
37
27
11
21
24
24
10
3
22
1
23
29
23
18
1
1
22
7
11
1
6
5
2
22
33
34
17
35
7
36
8
39
38
9
2
40
35
37
20
2
3
27
40
12
36
40
7
8
38
39
34
35
6
39
38
34
26
7
29
39
10
35
38
8
15
39
36
11
38
36
25
39
1
5
38
25
33
0
18
39
37
18
36
26
