23
22
10
13
34
28
7
18
25
15
19
10
18
1
19
1
35
24
25
2
38
0
21
3
29
3
37
4
39
36
4
1
27
2
15
5
6
15
3
34
37
7
2
34
31
18
39
4
31
9
5
27
28
2
6
21
11
32
29
1
12
36
4
37
39
3
2
38
38
14
25
40
10
15
5
8
26
3
39
16
4
5
7
18
29
13
13
29
19
12
1
2
4
7
20
7
22
32
5
10
6
22
10
23
17
34
0
18
9
35
21
22
2
39
36
26
2
24
25
3
38
0
23
8
29
3
11
21
39
19
3
1
27
16
13
26
6
31
3
34
3
27
30
13
36
18
26
29
38
30
40
12
40
15
38
39
19
35
29
33
12
39
6
39
11
39
40
40
33
40
40
35
10
39
18
37
9
39
15
32
4
40
23
21
39
13
39
38
19
12
40
2
4
22
40
9
2
32
8
40
