22
5
20
19
33
16
26
30
37
27
25
17
24
1
17
1
37
36
27
2
31
29
11
29
3
26
31
4
33
4
25
1
5
15
40
28
25
0
2
16
7
6
1
27
32
7
8
27
5
9
19
25
35
0
33
10
0
1
11
12
21
38
40
1
23
7
39
13
5
24
25
24
10
15
12
12
8
26
17
39
7
17
35
0
38
34
29
14
38
18
2
35
20
0
11
31
37
15
3
32
22
8
20
19
33
15
18
40
5
9
18
16
4
19
27
2
37
36
27
6
3
29
27
29
38
26
38
4
8
5
18
11
32
15
40
17
29
0
17
16
12
6
11
29
17
7
8
27
35
21
39
40
14
39
33
38
39
1
39
40
39
39
28
39
19
34
39
32
40
40
22
7
5
39
32
18
21
38
38
39
7
33
35
14
38
34
39
36
38
24
2
39
20
39
40
35
6
39
27
20
