18
22
14
16
10
8
0
0
14
14
9
39
36
1
17
19
1
12
2
2
30
2
38
12
3
20
14
23
4
29
38
26
5
15
15
15
37
6
29
2
1
28
7
30
29
8
0
0
31
9
35
4
1
21
10
30
27
31
11
40
12
29
36
1
23
13
24
2
5
9
30
7
15
39
39
40
15
16
6
12
27
28
40
11
35
6
19
8
8
20
30
20
31
14
5
15
21
37
32
10
0
38
14
16
39
34
40
24
18
14
35
39
36
19
3
5
18
12
37
3
7
2
38
12
3
0
14
23
39
29
40
11
5
21
17
13
26
6
3
2
1
28
29
7
8
23
24
24
40
40
35
40
23
39
37
39
26
33
12
39
12
15
35
40
40
39
40
25
5
39
15
7
39
34
39
40
40
9
39
37
39
40
40
40
4
6
40
36
38
8
35
40
31
14
39
36
21
29
19
10
