8
0
9
23
37
31
8
31
39
13
23
40
9
9
1
40
39
32
27
28
2
13
28
19
3
25
13
14
4
1
26
5
21
29
5
0
0
6
28
25
7
17
7
0
39
32
39
25
39
33
29
9
34
10
5
2
21
5
11
0
0
29
33
12
7
35
13
4
25
14
8
30
1
35
12
10
31
37
36
27
1
17
18
29
39
0
14
19
13
8
30
31
35
20
16
32
39
15
38
17
16
10
12
23
0
14
34
35
3
20
25
40
40
39
15
40
37
20
27
22
22
38
28
26
3
25
27
39
4
18
29
31
40
16
9
7
2
2
9
27
20
17
4
21
21
20
7
25
39
40
40
32
38
40
31
2
37
40
11
40
2
39
8
39
40
2
13
39
25
10
38
39
38
35
39
10
15
38
40
40
39
9
10
16
39
32
34
39
13
33
32
38
15
40
16
32
21
16
38
17
