16
31
15
11
24
39
21
40
0
13
39
14
25
1
1
10
16
1
18
38
2
0
23
22
19
13
28
27
4
1
33
36
5
1
32
22
31
6
1
29
35
7
28
1
33
25
32
19
36
9
25
28
20
39
10
36
35
35
22
6
12
38
6
36
1
13
37
24
35
0
14
25
0
5
16
40
16
39
27
3
33
17
35
18
29
1
40
2
9
30
11
3
20
35
31
1
21
10
32
38
22
38
15
9
34
39
18
40
13
13
39
9
25
9
36
5
16
38
15
37
9
28
23
40
18
29
19
0
39
1
11
22
0
40
7
19
31
6
11
17
28
34
28
1
7
7
31
25
40
13
39
19
38
39
10
40
39
16
40
37
40
22
6
40
1
40
38
39
35
36
39
25
0
39
38
40
12
39
12
3
33
40
29
18
10
37
40
34
0
33
37
40
12
22
21
1
40
13
27
38
