18
33
28
7
26
13
30
8
25
0
31
35
16
15
1
12
19
11
2
17
2
19
35
3
31
3
29
26
4
34
40
32
33
5
35
27
15
22
33
4
26
3
7
18
4
35
18
4
19
9
36
19
40
27
40
38
11
40
3
30
40
12
23
0
0
33
8
33
3
40
35
38
25
15
39
36
16
11
39
27
38
35
35
6
34
13
39
14
29
13
19
5
30
3
31
21
4
9
9
9
22
6
8
7
23
9
38
34
10
0
39
35
16
26
9
12
36
11
15
37
10
19
14
38
16
17
11
28
4
40
39
4
9
31
32
27
22
22
15
0
12
19
28
33
12
35
24
4
19
40
40
37
40
34
40
39
40
40
39
6
40
3
39
38
39
26
33
32
40
40
39
13
40
39
39
36
39
35
39
40
1
6
18
39
34
35
39
30
19
13
19
35
30
3
31
39
4
8
9
9
