12
33
34
31
9
10
8
27
10
18
34
14
31
21
1
24
17
23
13
2
12
0
12
2
3
33
13
28
4
32
23
24
18
5
20
16
22
6
0
19
1
4
7
20
38
27
30
19
9
33
35
9
10
34
40
10
23
22
2
12
31
12
38
39
7
13
28
27
25
8
38
32
15
35
0
34
16
27
11
27
36
33
39
0
18
39
38
30
19
7
10
20
4
12
4
37
32
6
11
22
12
34
19
23
5
24
3
22
35
9
10
19
17
15
26
12
37
10
26
38
12
39
17
16
29
7
29
28
17
40
23
3
4
31
24
13
22
11
8
22
27
29
25
0
5
40
40
7
40
33
36
25
39
37
40
39
1
40
40
23
39
33
38
20
39
32
40
39
36
40
18
40
38
5
39
40
40
2
1
40
36
2
39
1
18
39
6
19
40
34
39
30
39
18
13
30
33
40
33
6
