6
14
39
35
28
0
38
21
35
9
26
31
39
9
1
29
21
11
19
2
25
36
32
19
3
25
31
25
22
4
1
35
5
32
3
1
32
1
6
34
30
7
17
1
23
25
8
39
19
9
28
5
34
40
10
2
38
22
21
35
31
33
7
13
1
13
30
7
32
33
33
15
14
35
31
10
15
16
27
6
17
40
7
18
34
39
2
29
7
30
19
40
40
20
40
11
16
9
32
1
15
5
39
5
15
34
18
11
35
9
25
39
1
26
36
40
0
20
19
2
11
2
38
28
17
3
17
40
39
4
22
16
12
32
4
1
32
1
28
28
12
28
35
35
5
5
1
6
13
7
39
5
35
37
39
2
3
40
37
40
31
4
40
11
1
6
40
40
38
28
39
15
25
6
39
34
38
16
39
34
39
40
10
39
16
39
2
39
7
32
19
40
38
30
40
38
6
39
8
1
