22
16
33
23
23
25
7
9
31
9
16
19
25
1
21
1
15
25
24
2
31
32
13
22
3
31
13
15
31
36
20
4
5
40
15
3
2
1
6
39
17
4
7
27
23
20
23
19
9
19
19
1
32
2
10
39
11
40
6
7
12
30
23
32
13
33
13
24
30
39
14
25
15
25
34
16
26
16
2
27
3
3
35
17
18
37
33
29
33
37
0
39
37
1
31
38
32
22
8
21
22
16
33
9
23
6
38
34
8
9
1
25
36
25
17
40
14
37
6
9
7
21
13
38
27
12
13
30
39
16
30
16
22
40
15
22
5
0
7
2
20
26
12
0
13
20
19
19
40
39
27
1
39
26
30
39
14
40
6
39
37
39
23
40
13
39
35
24
31
39
5
25
18
38
27
10
39
28
6
38
31
0
35
39
38
37
33
39
35
10
39
39
37
12
40
38
5
22
39
39
