23
29
24
19
19
34
25
16
34
39
39
29
10
21
0
1
11
34
20
2
11
35
26
31
3
24
27
0
4
20
23
15
1
5
22
26
0
33
1
32
7
24
2
18
19
24
18
8
33
9
5
39
38
10
31
21
22
2
31
0
12
32
37
5
23
29
8
32
14
32
35
15
25
10
32
40
16
27
39
6
6
6
17
40
11
29
2
19
13
30
19
0
37
10
31
20
21
32
22
38
22
12
12
38
0
34
4
16
39
5
35
24
39
21
0
22
23
27
20
37
38
25
1
28
22
29
27
0
39
40
14
20
13
17
22
2
0
33
30
32
18
34
2
18
26
5
12
22
36
39
2
39
38
40
40
21
39
36
31
26
39
28
37
39
23
40
39
40
39
39
37
39
28
39
37
39
35
39
37
39
6
39
17
40
11
40
19
14
13
40
19
8
18
40
8
40
21
34
17
6
