18
38
15
13
11
24
7
38
30
22
35
23
10
1
30
28
32
1
11
27
2
27
13
40
3
21
23
13
4
1
24
25
22
24
5
15
30
16
23
29
17
7
23
37
4
3
18
26
9
33
4
26
20
5
10
2
39
11
40
5
12
6
27
7
32
40
33
35
14
38
3
25
39
8
32
38
16
27
5
7
1
1
3
1
18
4
38
29
14
19
35
11
2
1
4
31
13
22
37
22
18
38
8
8
23
5
34
21
25
22
35
11
15
36
25
10
27
1
13
27
22
22
38
22
28
3
12
13
5
39
24
40
14
24
2
2
32
2
31
14
17
8
18
22
31
18
34
13
40
40
40
10
39
0
34
38
39
39
40
16
39
6
39
39
7
40
39
35
39
38
39
38
39
40
39
39
33
40
36
40
33
28
40
1
36
4
39
36
35
39
34
11
2
1
40
35
13
40
39
4
