37
7
14
9
20
24
0
15
39
19
8
8
21
1
11
1
18
20
38
2
28
35
38
20
3
32
40
22
4
36
27
40
15
5
28
2
16
29
16
17
37
0
1
4
8
8
8
7
9
26
39
26
20
39
21
7
10
11
4
12
38
3
1
12
5
35
9
38
14
8
11
25
11
36
32
16
36
16
2
6
27
11
4
18
8
29
18
35
19
38
30
5
19
36
31
15
21
32
2
6
11
23
12
9
1
24
8
15
39
35
8
8
18
25
36
1
14
40
2
12
9
38
2
23
16
39
4
22
8
29
12
40
15
32
18
2
7
12
16
8
2
0
24
32
19
10
8
31
40
37
39
37
39
39
39
37
6
39
38
11
39
36
36
39
37
39
32
39
0
39
30
13
35
39
37
28
39
38
34
40
34
10
37
39
36
39
34
40
5
38
30
5
39
2
11
1
12
32
4
6
