17
29
12
33
24
33
15
30
7
7
17
35
25
10
1
40
20
26
10
2
37
31
38
27
3
13
25
25
20
4
26
14
32
31
5
3
2
6
3
3
25
7
1
4
29
33
2
31
32
0
26
9
10
30
26
30
21
11
29
3
36
12
30
35
8
23
34
2
2
24
14
38
15
40
6
6
11
1
36
27
5
17
18
7
39
37
19
2
29
19
37
20
9
14
31
12
9
11
32
2
17
12
38
33
9
34
15
16
14
36
17
35
25
14
1
40
36
17
10
27
37
0
1
21
38
29
25
4
20
39
0
25
28
40
7
30
22
6
3
31
6
2
1
4
23
30
32
9
25
24
39
26
40
40
38
22
39
15
29
34
36
39
23
14
38
23
39
2
20
39
36
11
39
40
39
15
40
40
31
39
35
34
39
7
19
39
19
33
40
19
37
39
8
2
22
39
28
34
32
39
