6
18
26
33
40
27
24
30
16
35
35
40
17
1
16
1
22
26
30
2
14
21
22
13
3
14
40
31
4
0
27
22
37
5
16
28
27
30
25
2
29
7
1
3
24
4
25
1
19
9
6
1
10
39
30
27
32
31
11
12
0
39
29
23
13
10
13
24
12
30
8
10
38
4
16
15
16
40
39
27
34
17
38
34
8
37
18
29
30
38
20
37
30
40
40
21
6
21
32
3
33
14
6
38
0
34
24
34
16
13
35
40
17
26
18
16
9
26
6
27
2
21
22
38
25
39
17
22
17
0
40
7
24
29
22
0
3
22
5
34
3
2
23
9
32
34
22
20
19
39
29
39
10
40
37
40
32
40
36
39
36
39
29
24
39
28
37
3
12
39
8
10
13
4
39
8
3
40
39
40
27
40
36
34
1
36
40
29
33
38
35
38
30
40
6
37
38
37
35
3
