9
28
17
23
10
12
15
13
30
11
8
20
31
1
1
1
1
18
2
2
18
2
38
24
3
28
1
4
27
4
14
5
5
5
16
5
20
6
3
16
6
7
17
34
4
8
8
34
8
19
9
10
30
20
3
10
6
35
34
12
8
30
37
35
13
12
24
7
14
14
14
4
25
32
26
16
11
28
34
39
27
27
5
7
18
39
30
9
18
8
31
8
10
32
15
21
34
34
22
13
9
22
16
23
36
14
24
13
36
11
5
37
1
3
25
2
19
8
4
18
18
4
2
3
6
28
1
10
27
18
14
24
10
25
16
24
20
9
3
22
25
5
20
36
4
8
8
34
38
4
1
40
18
35
37
38
38
40
39
10
40
23
37
36
40
37
40
36
14
40
6
39
37
40
40
31
38
38
34
39
27
38
8
7
18
39
33
38
18
40
40
28
39
32
39
21
39
34
19
39
