25
34
6
20
23
12
34
13
11
40
36
15
27
1
39
1
37
37
2
25
2
12
38
26
3
21
13
20
14
4
14
30
5
31
24
1
1
6
23
36
3
7
4
4
18
19
8
31
9
37
1
1
10
28
0
21
10
23
0
12
36
39
12
6
23
9
35
1
10
34
9
25
15
25
39
39
16
32
27
38
17
27
7
4
11
29
6
19
15
11
16
30
39
9
21
20
17
32
21
22
3
38
6
20
23
6
34
24
11
39
35
0
24
9
39
40
17
37
17
25
37
27
38
12
27
21
28
3
39
3
31
30
40
31
31
1
33
33
31
3
10
9
15
4
10
5
20
5
25
39
40
40
35
40
28
39
36
39
30
30
39
40
39
24
23
39
5
28
39
34
39
25
40
39
39
20
39
7
40
39
39
40
7
39
15
29
35
39
35
14
34
1
39
0
21
20
17
0
40
34
