39
40
12
40
15
25
0
8
26
13
25
34
23
15
33
40
26
1
2
13
11
35
26
3
34
3
21
4
13
4
25
5
21
5
37
0
28
1
16
33
7
2
27
7
3
19
0
35
9
39
40
40
40
10
21
31
5
21
2
31
12
37
38
29
7
13
8
38
24
34
33
14
39
35
15
32
6
37
40
27
6
17
18
39
1
7
18
2
29
37
20
1
20
0
40
10
9
21
32
16
22
10
38
40
4
8
34
39
25
13
25
35
5
15
10
40
26
8
13
37
11
22
6
13
38
11
10
15
13
23
39
40
0
5
31
0
0
1
5
22
21
21
27
8
3
27
16
35
9
39
39
40
39
10
39
3
37
39
28
5
39
10
3
39
31
37
40
26
39
39
33
39
39
35
39
27
35
39
40
39
33
17
22
39
36
33
40
14
39
37
38
39
28
35
40
32
38
40
38
14
