16
14
23
17
26
28
20
8
12
8
35
35
9
16
22
15
1
11
26
2
37
28
37
22
3
13
29
22
4
14
1
20
5
22
33
16
1
32
22
31
7
17
7
23
23
18
19
3
20
4
9
30
1
10
37
33
21
39
22
3
12
39
28
1
34
13
39
34
14
25
36
30
4
15
33
2
16
27
40
38
27
33
34
18
40
3
37
12
19
30
1
3
14
20
31
9
8
32
5
32
16
12
23
17
24
40
34
2
24
35
35
35
36
16
10
36
40
37
15
38
16
28
19
38
15
13
29
12
39
14
20
8
40
10
12
7
1
32
26
6
4
1
12
8
13
18
13
30
31
39
9
39
39
39
37
39
40
39
37
3
20
39
28
37
36
13
39
34
14
9
38
30
39
15
33
2
38
25
39
38
28
31
30
35
39
32
9
39
19
40
1
3
40
39
2
39
8
32
40
4
