18
11
22
6
23
40
0
31
38
26
20
8
0
17
1
11
15
30
2
12
28
0
38
23
3
2
33
39
4
14
37
0
20
15
5
20
16
17
16
29
20
7
3
24
33
0
27
33
31
9
30
33
20
10
39
21
2
21
22
38
12
0
34
29
29
8
7
39
39
14
25
1
40
39
40
40
16
39
11
27
4
40
28
18
38
5
7
29
19
1
35
5
1
20
31
32
4
37
32
32
0
11
22
40
23
24
34
3
39
35
25
35
11
39
8
11
15
10
2
37
16
10
38
12
6
13
6
39
11
14
19
31
40
11
24
31
23
5
27
23
20
21
11
10
33
7
25
1
40
39
35
39
37
10
39
37
1
18
39
38
12
8
39
17
38
38
39
28
25
39
1
39
39
39
39
38
16
39
36
5
10
8
39
18
38
39
18
39
23
40
36
38
40
38
21
32
39
37
25
40
