35
34
15
22
38
12
11
34
31
25
8
9
17
1
1
40
1
40
19
2
20
27
11
32
3
27
30
4
30
14
4
1
5
40
0
25
3
36
25
6
7
0
3
26
18
19
8
39
40
39
33
20
9
10
27
2
27
39
6
2
38
3
12
23
0
1
40
24
8
40
25
35
25
15
16
9
38
36
27
17
27
36
40
28
18
14
29
5
19
10
20
39
9
9
31
15
21
6
22
1
7
33
15
12
10
11
24
34
35
3
18
25
11
6
1
36
39
6
0
15
27
39
38
4
12
6
14
4
30
14
7
40
9
40
32
0
3
7
25
32
8
0
3
26
26
0
36
3
40
40
7
40
37
10
39
34
37
39
6
0
39
3
12
39
28
23
39
37
29
39
25
39
25
39
40
39
38
15
39
17
13
38
40
35
18
40
10
38
5
20
1
39
32
28
37
15
21
6
19
4
