22
40
6
38
32
23
24
33
39
35
25
10
38
18
1
39
19
27
2
17
2
38
0
27
24
20
3
14
4
21
24
40
2
29
5
15
16
6
29
26
35
7
2
1
2
8
0
19
33
34
9
26
26
10
21
31
39
11
5
5
12
37
40
23
8
13
30
24
38
9
33
8
0
5
39
15
36
16
3
27
1
4
0
1
18
9
11
8
10
13
20
30
35
20
4
31
40
32
0
21
22
40
6
38
0
6
24
6
19
35
7
40
7
18
39
1
18
27
37
22
2
38
0
12
23
29
39
24
26
39
7
40
2
30
40
8
17
29
32
23
12
7
20
26
2
8
20
32
40
39
9
32
39
17
37
39
32
40
38
40
9
19
40
2
39
13
39
24
18
39
33
40
39
40
39
40
14
39
3
39
1
39
40
1
40
0
3
39
14
39
20
30
35
39
38
39
40
32
0
39
