18
37
6
24
26
24
13
26
13
25
11
8
29
36
1
18
27
28
2
37
2
23
38
16
3
12
26
32
4
40
33
23
39
5
15
0
15
33
6
24
26
4
3
18
7
8
21
36
30
9
19
27
27
4
20
40
10
11
3
37
3
12
29
32
7
4
32
5
25
40
32
39
31
40
29
16
15
5
9
27
1
6
36
36
28
18
36
29
10
30
34
2
2
20
39
0
9
13
32
22
18
8
6
24
24
34
24
21
35
25
7
8
5
36
26
4
4
26
3
38
12
25
19
26
14
3
29
15
24
11
15
23
22
32
19
18
31
33
6
0
28
1
30
5
2
36
22
29
38
24
14
40
36
38
12
13
8
40
24
5
39
40
39
32
39
4
39
35
37
40
3
39
39
8
39
5
15
39
3
2
28
11
39
5
28
28
36
39
36
38
40
20
40
2
27
0
39
8
32
39
