16
4
12
37
13
16
40
25
13
12
12
30
25
18
36
1
10
18
37
2
11
23
40
12
12
29
3
4
22
29
30
36
5
26
20
2
29
6
16
33
7
38
29
2
17
8
40
32
36
19
9
32
10
28
10
28
21
28
6
30
12
33
3
40
13
23
0
8
30
39
37
36
14
15
9
37
0
27
16
40
6
10
11
39
39
38
8
18
13
29
6
20
0
11
36
31
40
5
13
15
32
22
33
11
13
0
10
25
13
4
12
25
35
18
36
1
10
11
6
2
37
14
39
22
38
29
11
20
22
29
3
11
16
26
40
23
29
6
25
20
4
21
6
34
18
18
13
26
34
36
38
39
38
20
2
39
34
40
39
21
13
39
38
20
39
32
23
39
10
24
39
3
14
39
9
37
39
22
16
40
17
39
39
39
39
35
14
39
13
38
25
39
23
31
36
39
11
4
39
39
