36
0
10
35
23
28
24
35
13
14
35
16
9
10
1
32
17
35
2
12
2
37
24
39
3
21
40
19
4
21
29
15
5
26
15
34
33
6
1
36
3
7
3
25
18
1
3
8
9
9
9
4
20
7
20
10
4
11
39
40
6
35
23
37
37
24
36
30
14
3
13
38
38
39
8
16
8
0
27
40
17
12
34
3
5
18
29
8
29
3
40
35
35
31
20
9
7
37
32
22
37
11
39
5
23
34
24
34
25
14
35
25
36
10
26
18
40
15
6
37
12
38
28
2
22
0
39
19
19
0
3
40
16
16
17
31
25
33
11
33
20
7
16
27
18
1
13
0
40
24
37
39
4
37
20
37
39
38
35
7
39
35
39
37
39
39
3
39
14
31
39
37
33
39
36
39
8
39
40
40
40
12
39
17
5
39
3
40
40
3
39
38
30
11
39
9
20
37
4
22
