30
33
15
36
23
39
10
40
39
8
8
18
36
28
1
10
29
36
37
0
2
23
24
13
3
21
24
4
28
36
14
1
5
30
24
31
24
6
32
23
7
17
7
26
40
18
8
26
37
35
30
9
10
28
38
37
21
26
22
28
12
23
32
37
13
3
0
13
14
6
25
1
36
37
15
39
35
27
1
27
4
17
37
18
2
3
29
14
29
38
19
31
20
12
2
6
12
32
10
22
5
33
8
5
23
39
34
40
25
15
35
18
36
11
36
18
38
5
37
40
27
23
24
13
39
9
24
14
24
11
30
1
18
10
23
31
9
4
4
23
4
3
7
1
17
10
38
37
37
40
38
9
35
37
40
37
8
19
39
2
39
23
39
12
39
39
36
40
14
39
30
39
36
39
40
39
39
39
34
39
4
25
39
27
35
39
29
40
40
14
40
31
20
40
38
37
12
32
21
22
