22
16
30
30
32
20
34
20
12
26
8
33
25
18
1
36
10
23
40
2
18
21
25
40
12
38
3
4
14
15
24
1
5
26
19
19
2
6
0
39
20
7
32
1
0
8
1
31
19
32
9
33
20
26
10
6
21
40
22
35
28
12
22
33
9
13
4
30
24
40
1
9
25
5
15
16
0
32
34
27
40
5
18
39
8
18
29
5
40
38
7
8
14
20
31
0
12
32
4
9
22
11
4
9
39
38
34
17
16
10
35
9
25
18
11
36
10
8
27
37
18
0
28
17
38
5
29
4
16
39
11
40
12
31
32
27
19
32
5
21
7
29
18
13
13
31
1
3
8
39
40
35
39
7
37
39
2
14
40
34
39
39
6
36
40
37
39
30
39
7
1
39
25
39
1
40
33
26
40
27
40
20
39
39
18
18
40
5
24
40
9
6
28
20
33
12
6
39
4
6
