24
20
7
34
30
27
23
15
19
25
19
18
36
1
0
1
18
24
29
2
38
12
28
23
3
26
23
4
1
4
1
15
5
25
27
34
16
6
3
31
32
17
30
26
8
27
8
7
5
9
2
37
20
10
27
37
29
39
27
35
12
23
3
40
13
37
24
9
14
30
14
0
33
38
33
16
10
16
27
11
34
17
9
7
4
18
12
29
39
3
13
2
20
31
7
3
15
1
7
37
11
38
23
39
12
34
23
38
38
25
35
18
36
4
18
14
15
18
37
40
38
21
28
18
27
21
26
39
28
4
4
27
40
25
27
19
31
29
18
33
32
17
17
25
13
22
3
21
40
22
39
37
25
39
27
17
0
39
37
35
39
0
40
40
40
4
40
9
40
39
39
39
36
39
5
39
38
40
40
39
40
17
39
32
3
39
12
0
39
24
13
39
20
22
28
3
28
40
7
19
