4
33
15
18
6
17
14
20
24
18
9
38
31
37
1
11
18
40
2
27
2
25
27
23
3
15
13
39
4
32
16
36
5
30
17
20
23
6
20
5
22
7
31
18
30
18
8
19
9
9
21
20
9
10
30
21
27
21
24
36
12
22
31
0
34
40
34
31
14
35
14
35
2
13
15
16
34
12
33
27
36
17
38
18
8
11
29
5
30
12
10
11
20
1
16
31
8
16
15
40
21
33
12
37
22
34
14
19
8
8
40
25
9
17
36
18
37
27
1
17
14
11
25
38
2
26
9
39
4
39
12
28
40
30
6
20
0
32
8
18
22
21
14
20
30
34
23
19
0
39
39
40
39
35
40
37
40
21
13
39
22
3
39
3
34
39
29
36
39
37
39
39
2
39
24
7
39
31
33
16
39
27
39
23
17
40
8
9
11
35
39
10
14
15
11
30
39
15
14
23
