6
20
11
26
7
38
35
13
21
19
35
25
15
1
15
1
11
32
2
2
28
2
35
31
3
36
23
13
36
4
27
1
37
5
22
28
28
16
2
26
23
7
4
3
33
33
30
19
9
20
28
9
38
10
30
21
40
6
32
27
36
1
39
12
13
23
8
24
5
8
11
3
11
25
26
2
16
2
27
12
40
3
4
40
28
29
19
40
39
3
19
20
39
39
4
31
15
11
32
22
38
39
4
16
11
38
22
34
1
40
35
25
20
36
15
36
14
37
40
2
8
20
16
16
38
18
28
13
39
4
20
1
5
40
22
19
9
10
8
25
4
33
16
11
28
33
2
21
23
34
38
39
38
10
27
39
19
36
37
39
14
20
39
35
37
9
39
40
40
6
10
3
40
37
8
37
16
40
21
37
40
39
39
39
10
40
19
40
39
39
19
40
39
39
7
26
40
11
20
28
