14
33
35
40
7
11
9
34
30
0
25
9
26
26
1
30
11
21
27
26
40
2
30
29
3
1
23
13
39
4
0
1
5
22
0
26
33
33
6
40
29
3
7
32
18
36
32
37
9
4
39
29
33
10
40
21
28
11
32
33
34
23
12
39
9
7
30
9
35
14
25
31
15
2
26
27
38
38
16
36
17
38
33
29
18
38
38
29
19
30
9
30
20
15
31
9
40
22
32
22
1
33
11
40
7
23
10
34
35
10
25
9
12
26
13
40
11
37
27
11
10
11
0
28
15
1
4
14
39
40
0
30
23
22
8
26
21
12
26
23
33
30
34
32
29
24
29
37
40
9
39
36
34
39
28
5
14
39
36
39
40
5
0
39
24
7
4
40
39
39
36
32
39
2
39
40
39
17
36
39
8
38
24
26
39
37
38
19
8
30
12
39
7
13
32
31
39
36
40
9
