7
22
10
15
19
40
0
8
30
35
40
39
37
36
1
20
17
33
18
40
2
26
13
28
21
14
37
22
4
14
36
23
5
0
30
3
1
2
16
16
17
30
7
30
18
24
28
18
18
6
20
9
10
20
31
30
21
38
29
12
33
3
33
28
28
13
33
6
14
37
10
25
6
39
37
15
16
5
27
39
39
6
28
39
3
12
18
38
2
2
19
30
30
31
1
13
4
10
32
7
7
22
14
2
13
34
24
39
5
35
40
39
37
36
18
10
10
27
38
40
2
28
9
28
11
39
15
21
4
40
5
23
15
0
24
3
25
27
2
16
23
0
7
20
33
36
13
18
3
38
29
40
6
35
37
39
39
16
29
39
31
39
32
39
37
35
13
39
14
1
10
39
1
9
40
36
16
40
38
39
39
6
28
39
3
12
39
38
39
23
39
8
32
39
33
13
4
37
39
31
