7
40
5
5
34
9
24
0
8
39
25
35
39
1
24
1
21
24
25
26
2
29
39
28
13
37
1
4
13
4
30
5
34
5
28
1
29
6
17
25
33
7
17
24
26
38
36
33
32
9
27
33
10
20
2
38
10
11
40
39
36
12
23
0
31
13
6
7
30
25
14
34
25
26
31
16
34
33
5
36
27
39
17
18
18
29
18
29
11
40
13
12
2
20
31
14
15
32
22
10
33
40
11
40
34
9
24
0
15
39
25
35
36
1
10
25
21
6
8
15
40
38
11
28
40
39
29
12
0
9
7
5
31
3
8
31
29
13
31
30
30
27
6
0
1
10
36
14
39
38
13
40
36
16
34
38
40
26
7
1
39
29
33
39
30
39
31
39
36
40
40
34
38
39
2
4
1
39
35
36
27
39
35
39
18
39
39
29
5
40
13
12
21
40
31
13
15
32
39
5
