15
10
8
17
0
12
17
8
24
20
35
40
21
35
1
21
17
27
18
2
24
40
38
19
3
39
39
32
4
1
26
29
5
15
1
17
22
16
6
33
35
7
29
17
3
32
8
5
9
19
26
3
9
39
37
10
11
31
11
33
12
23
23
13
23
33
34
13
38
14
25
6
25
11
3
26
16
9
35
27
9
9
34
35
8
29
37
37
19
35
4
30
10
31
20
6
9
32
22
32
15
10
8
14
3
8
34
15
24
20
35
40
39
8
36
22
1
13
10
37
24
28
38
5
4
9
1
39
2
15
26
29
40
9
15
17
2
29
6
33
20
21
9
19
31
32
19
5
40
39
40
40
39
39
40
40
37
39
39
8
12
39
23
13
23
39
34
4
38
40
22
40
4
11
39
3
6
34
39
11
4
9
39
35
8
39
37
39
19
18
40
8
10
16
19
39
24
32
22
39
