24
17
12
18
34
7
39
7
22
38
22
35
29
25
1
37
23
11
20
2
31
12
15
3
19
32
29
3
13
4
0
29
5
35
28
21
37
2
30
17
2
2
7
18
4
37
3
0
2
9
1
2
36
10
21
33
28
39
34
22
30
1
5
24
23
13
38
31
33
40
25
14
15
10
35
16
39
31
16
27
5
28
3
18
0
2
37
9
38
30
19
20
3
4
39
1
32
39
7
37
15
22
12
4
34
9
13
35
40
0
39
35
19
25
26
39
37
21
2
2
38
16
15
5
21
39
29
3
2
22
31
29
40
27
28
10
8
21
18
25
2
2
7
0
28
32
3
40
40
35
40
37
40
40
15
40
33
39
9
32
39
39
40
0
20
39
38
2
39
40
38
39
0
38
6
16
39
31
38
27
5
39
3
18
20
40
38
40
38
28
39
20
1
4
39
1
32
39
7
39
