30
17
33
9
38
26
15
39
14
37
36
9
33
20
1
35
40
28
24
2
21
32
19
23
39
3
21
34
14
33
4
39
5
40
28
36
2
3
34
6
17
7
38
24
31
8
25
4
4
32
25
39
20
10
31
33
21
11
34
4
22
12
36
7
13
2
38
2
37
14
36
4
25
7
1
3
16
37
27
37
33
38
37
18
7
1
35
5
29
19
30
39
10
7
9
3
10
10
32
4
22
0
33
0
38
5
8
34
3
16
4
35
39
17
26
36
40
18
24
37
21
20
38
24
14
39
17
20
14
2
4
23
5
40
23
7
2
3
18
22
22
2
4
3
36
8
23
18
4
39
25
39
20
39
35
39
39
39
39
36
40
12
39
7
39
2
7
37
40
38
40
7
10
39
33
3
34
37
39
38
7
38
40
37
40
18
38
5
40
19
40
39
40
10
9
3
10
16
37
39
