16
36
10
32
33
30
28
21
33
35
15
40
26
1
16
1
26
22
37
2
21
24
22
18
3
31
20
13
4
22
21
4
5
15
2
5
1
2
6
16
38
7
2
2
5
26
33
19
9
3
9
20
10
0
10
35
40
28
21
37
12
30
12
23
32
0
13
39
33
39
0
12
39
10
14
15
16
8
35
27
0
17
5
40
18
1
34
29
4
39
30
3
20
40
10
36
2
32
1
32
9
33
38
23
8
34
13
12
34
35
25
40
26
39
26
8
26
1
37
15
14
16
38
28
3
30
30
39
1
22
12
40
1
31
18
29
22
20
6
21
3
7
31
2
5
27
33
34
40
40
37
40
10
0
10
39
27
28
35
39
22
1
40
38
40
38
40
39
33
39
20
35
39
31
14
39
16
39
16
40
0
38
4
40
18
38
4
37
38
40
30
38
31
40
10
39
19
34
1
21
