20
23
18
11
0
11
31
15
22
13
20
19
36
23
1
31
25
27
12
2
33
0
0
39
3
13
36
4
4
34
4
5
38
5
3
1
27
16
6
28
29
3
17
7
28
8
30
30
9
19
27
32
10
20
20
30
37
6
4
30
12
7
5
13
23
13
4
38
24
14
7
25
40
39
4
6
16
27
1
6
10
17
28
17
38
0
18
6
30
4
4
12
20
15
9
9
32
0
4
22
10
40
18
20
22
11
34
17
22
24
7
19
8
40
26
15
25
37
24
5
8
0
0
39
19
30
14
8
0
2
4
5
23
28
2
30
20
16
22
30
29
27
35
16
36
11
31
30
26
38
40
32
36
40
1
30
35
36
39
28
38
38
12
37
40
40
34
39
24
39
28
40
37
39
39
27
0
40
34
6
40
10
3
17
38
4
35
40
38
4
4
12
38
40
34
39
32
10
25
39
