40
10
11
23
16
16
16
24
13
8
22
38
19
15
28
1
40
36
17
35
2
24
27
29
35
39
28
14
4
21
25
0
30
5
29
31
16
24
32
26
24
7
36
4
3
35
8
35
20
36
33
39
20
10
4
2
3
21
22
0
12
6
40
0
33
7
38
24
14
34
36
0
31
39
3
3
16
27
32
17
27
12
18
38
5
18
5
29
35
39
7
30
20
39
31
2
37
8
21
32
40
3
11
23
11
11
34
24
0
39
19
35
19
13
39
26
40
6
37
13
6
24
38
24
15
39
28
14
29
16
7
23
4
40
31
11
16
24
11
17
17
15
16
4
6
35
8
19
40
39
33
39
37
39
37
39
23
39
34
39
12
39
12
39
12
39
38
39
39
31
39
34
31
39
3
39
6
40
38
20
19
40
6
36
14
37
40
3
40
39
7
39
20
39
31
26
12
5
39
32
