6
25
23
10
7
38
23
8
0
38
30
19
39
29
1
37
23
40
18
15
38
2
23
39
3
39
25
4
28
4
31
4
5
1
2
0
28
6
17
33
7
7
7
18
25
8
8
8
9
33
9
20
32
10
21
0
35
33
22
32
36
38
12
29
40
0
2
14
35
35
1
25
7
9
16
11
16
1
8
27
33
33
38
18
7
6
8
29
19
36
38
12
39
7
31
21
32
15
15
22
6
33
23
5
2
38
23
38
39
38
35
25
1
8
12
12
5
40
37
3
1
38
13
19
3
39
14
11
20
29
12
40
9
1
23
0
23
6
22
6
15
18
4
0
29
8
8
22
9
39
38
38
21
39
20
0
37
33
2
39
36
23
12
40
40
24
39
21
39
35
39
33
39
21
40
40
16
39
0
37
16
39
22
34
38
6
8
39
19
36
38
17
39
7
31
1
32
15
16
34
