9
37
22
34
0
0
17
32
34
40
14
32
19
33
23
1
37
20
2
12
2
38
23
12
3
20
30
22
20
4
14
25
29
5
34
0
24
6
17
25
1
17
32
7
4
18
8
20
19
9
36
36
10
30
10
5
1
11
37
22
39
34
12
7
8
23
25
24
38
14
26
26
15
25
31
16
3
27
11
16
1
39
28
39
6
33
33
19
9
30
36
35
31
20
3
9
32
22
22
37
22
37
40
34
13
40
17
34
34
39
35
2
20
0
36
4
10
20
37
12
2
38
16
12
38
11
30
15
39
15
14
40
15
17
14
0
31
11
16
25
1
0
25
7
21
18
3
38
27
40
16
37
39
30
39
24
39
39
37
4
39
33
40
39
26
39
19
38
40
21
15
40
34
36
31
40
3
27
39
39
32
39
14
39
6
28
39
35
1
30
39
37
16
20
4
18
20
20
11
37
