14
7
17
26
0
12
13
16
35
37
30
14
36
18
20
16
38
1
2
28
12
33
22
22
3
0
33
38
0
4
0
24
5
24
1
32
2
6
31
0
17
7
29
36
0
8
0
4
36
9
20
29
10
4
10
29
36
11
39
33
2
6
4
39
13
3
35
0
14
39
36
25
26
2
39
16
37
0
11
5
17
28
18
18
18
2
12
2
1
0
19
0
31
9
11
0
32
22
40
16
2
0
16
34
2
12
13
15
35
37
24
25
36
39
20
15
15
37
8
17
2
38
6
5
1
0
29
4
18
19
23
10
10
24
4
6
2
12
33
24
8
5
24
24
11
0
40
34
39
5
7
37
36
39
38
29
36
22
39
33
40
39
39
39
40
3
39
0
19
39
19
18
39
2
39
34
27
39
1
30
39
39
40
14
13
39
32
34
39
1
19
0
40
16
12
0
38
40
15
10
