13
37
11
18
29
36
24
12
33
35
39
40
20
1
1
19
1
23
19
2
40
11
11
26
29
25
3
14
4
30
14
24
5
26
2
1
1
6
31
32
7
17
35
7
1
28
18
8
19
4
19
31
28
36
28
27
21
7
37
11
12
28
37
23
5
36
0
14
34
14
38
38
15
0
38
27
16
12
4
5
28
5
13
39
39
18
10
38
38
37
20
14
20
20
40
37
32
1
32
33
13
14
34
18
22
14
24
12
37
35
39
36
20
38
26
6
16
14
15
16
14
21
29
26
29
15
3
14
4
2
24
30
5
21
32
32
30
29
31
32
30
17
34
11
21
36
18
38
24
4
40
37
28
36
6
33
4
39
37
36
5
34
37
39
19
36
0
32
40
39
40
39
15
39
38
24
17
39
35
5
39
19
13
39
39
18
40
38
11
21
32
39
24
13
23
37
39
17
29
33
