7
33
18
23
39
22
36
18
25
24
34
40
35
1
26
1
15
37
22
2
37
38
22
3
24
3
39
13
40
4
14
21
5
2
2
36
29
6
16
17
1
7
0
34
17
24
1
19
31
9
19
27
10
27
30
35
21
40
34
11
8
36
8
12
13
4
30
7
2
5
8
25
31
39
3
15
35
16
35
27
8
37
9
12
2
18
39
29
5
29
9
35
13
31
7
21
5
12
22
32
7
3
18
23
16
10
34
39
25
1
35
40
13
6
26
36
7
16
10
26
37
38
28
0
13
26
39
27
25
28
4
0
40
10
32
16
19
6
25
7
14
7
9
34
15
24
1
35
32
40
39
39
12
39
38
39
6
39
39
40
36
39
8
12
36
39
33
7
2
5
39
35
31
39
36
38
40
6
28
27
33
40
9
31
2
37
34
40
5
29
9
37
40
31
20
39
39
36
39
0
