37
39
13
39
17
39
34
28
17
9
21
35
40
15
1
26
39
31
21
32
2
23
24
38
18
27
23
19
14
28
1
5
4
24
23
31
29
29
6
25
7
18
26
26
35
8
23
1
37
9
26
26
10
39
37
21
5
22
11
0
12
5
30
34
5
24
8
0
7
14
40
13
25
4
31
27
32
16
27
37
11
28
18
9
0
40
1
29
6
39
36
19
1
13
7
12
32
7
5
22
21
5
13
10
8
39
34
14
35
17
11
12
13
40
13
26
40
37
16
15
40
23
26
38
26
40
39
26
28
1
24
29
4
20
8
31
29
24
26
25
29
18
2
33
15
3
19
40
39
37
12
39
37
37
39
35
37
39
37
33
12
33
39
3
36
38
25
5
39
29
40
39
3
4
40
40
32
39
38
28
12
0
40
9
0
40
37
29
6
39
11
39
1
40
7
35
1
39
35
23
