6
13
33
23
24
23
15
16
34
35
26
34
9
1
1
37
1
27
11
2
27
36
19
11
26
3
22
19
4
14
40
5
14
2
5
24
25
35
16
23
7
27
1
29
4
0
18
8
30
19
26
3
21
39
10
5
2
35
2
12
12
12
7
29
23
35
24
40
34
14
40
0
15
10
39
1
16
27
39
1
27
39
11
34
28
18
34
9
30
4
20
4
30
2
36
31
5
2
32
37
13
12
17
33
24
23
9
16
34
24
2
35
9
36
14
26
36
27
21
37
27
16
17
14
38
20
22
19
30
17
39
11
30
40
5
24
25
18
15
6
6
27
8
34
3
0
18
34
30
7
39
35
37
39
10
16
39
35
39
39
37
40
30
35
39
35
40
40
34
0
39
40
39
38
39
9
30
39
15
39
9
40
34
34
39
38
13
39
30
33
26
40
23
4
40
7
8
39
32
16
