17
15
10
8
23
18
33
7
39
17
31
27
14
20
1
22
40
26
12
2
23
25
35
3
29
34
3
30
4
19
13
2
36
5
23
15
26
3
6
34
17
3
7
4
39
37
37
9
9
19
9
4
20
25
10
30
30
36
11
21
32
23
12
1
34
8
13
23
25
38
29
38
15
1
25
16
38
16
17
39
17
40
5
33
39
29
19
19
5
19
30
30
8
8
9
36
31
31
8
33
22
38
10
8
37
18
37
34
34
17
0
35
14
6
27
36
40
20
13
8
38
13
11
2
29
0
12
30
4
23
2
2
19
23
23
15
32
14
27
1
2
24
2
23
10
8
37
9
37
19
38
4
40
38
36
5
5
36
40
21
19
24
12
1
39
37
39
23
40
38
38
39
16
36
39
31
38
39
38
39
17
40
36
39
38
39
16
32
39
37
39
31
39
25
39
36
7
39
35
33
