18
0
12
0
40
10
24
40
8
19
26
31
19
1
30
1
27
40
17
2
26
32
28
22
3
25
0
4
25
4
22
21
5
20
3
3
27
25
16
16
6
7
4
4
37
19
8
4
4
19
9
20
10
6
34
36
29
39
1
12
23
32
27
33
6
13
24
0
9
34
5
34
26
15
0
16
10
16
38
7
1
6
17
0
29
18
29
9
30
36
10
31
4
13
20
40
5
22
40
11
18
4
34
23
17
23
20
40
1
22
21
25
19
8
3
26
27
12
17
6
28
28
28
22
40
8
0
14
22
4
0
20
5
15
13
0
6
25
24
13
6
35
16
4
24
6
9
4
38
15
36
40
9
6
38
2
25
32
40
35
23
39
39
39
39
39
39
32
40
40
39
34
39
15
39
16
40
39
38
39
15
6
17
39
33
35
12
4
39
2
38
17
40
36
20
40
8
36
40
37
