21
17
22
35
7
34
7
32
24
0
34
17
8
1
18
22
1
23
2
35
2
25
23
3
37
40
3
4
4
28
34
29
37
5
1
22
36
35
6
2
27
29
7
18
36
28
8
28
25
9
39
37
10
20
27
0
37
2
11
12
12
7
12
39
23
35
0
38
14
31
25
30
37
32
16
38
37
27
10
17
27
17
6
3
4
18
0
29
19
7
10
7
20
7
31
9
14
21
40
32
2
22
8
2
7
34
13
5
24
1
25
35
3
9
4
40
26
23
37
12
15
28
23
28
21
6
25
39
2
28
13
29
40
11
1
31
17
26
6
33
28
29
12
17
1
20
11
35
36
40
39
37
39
31
1
39
37
19
39
21
25
39
37
39
23
40
23
38
25
39
32
38
23
39
6
34
37
36
40
38
40
17
39
34
4
39
36
29
25
16
39
35
22
7
39
16
14
40
19
27
