18
11
20
33
40
29
8
34
21
9
35
17
10
14
0
1
10
15
2
29
12
2
21
20
3
13
30
13
4
25
20
30
5
37
35
35
40
6
40
1
17
7
2
33
33
36
1
1
9
19
9
37
36
10
21
28
2
5
32
22
2
30
12
1
34
23
13
29
29
8
25
15
33
38
2
32
16
2
11
27
35
38
0
40
11
3
37
29
19
13
35
31
1
20
36
1
37
32
10
33
16
40
3
1
40
5
0
34
13
25
35
6
2
36
0
7
10
6
37
10
11
28
28
38
15
18
30
13
30
16
8
40
9
13
2
24
24
26
12
1
22
26
34
33
33
27
1
1
34
39
9
37
39
37
39
40
17
39
37
24
39
5
39
35
40
40
37
39
29
14
39
13
39
40
40
38
10
40
17
27
39
40
40
29
39
33
39
10
19
39
1
38
38
39
15
38
9
32
39
27
