37
12
23
26
9
24
37
27
24
37
15
15
0
1
40
32
40
18
2
1
35
2
12
3
39
3
29
4
20
0
14
5
40
5
0
16
2
6
27
2
17
7
1
18
2
8
19
40
38
9
30
37
10
38
27
29
31
11
22
34
12
6
0
39
29
13
29
25
1
38
4
14
8
15
33
10
16
5
32
27
10
28
35
36
40
29
1
29
19
9
16
16
16
31
18
11
32
37
17
15
37
6
23
1
34
24
22
38
12
17
25
36
0
6
18
10
37
16
13
11
38
6
28
27
39
3
10
29
39
21
9
12
40
22
0
22
5
9
11
6
33
18
33
35
33
33
19
2
39
40
39
36
10
39
34
5
11
38
39
27
12
28
3
39
38
37
34
39
2
38
4
31
8
39
15
20
38
31
38
39
10
28
39
36
40
29
36
39
19
13
39
32
12
32
32
10
32
37
17
10
