15
26
40
13
18
21
14
24
17
16
35
38
37
10
1
16
10
10
2
2
2
33
40
32
3
34
33
40
4
39
0
31
15
21
33
5
6
1
17
3
2
7
27
18
31
8
18
4
9
5
9
28
0
38
0
3
11
36
37
40
36
12
29
23
8
24
39
1
14
30
31
25
35
25
40
35
16
9
38
27
39
28
2
6
17
18
35
29
11
40
35
36
1
31
21
6
7
21
32
22
0
18
0
8
15
34
39
24
17
1
35
0
3
10
1
36
10
10
26
12
10
28
3
38
3
18
19
40
22
39
14
4
0
32
28
32
6
1
6
27
31
18
9
18
14
8
35
4
9
39
39
40
1
39
7
39
37
39
34
39
37
18
37
40
23
12
39
39
34
30
7
39
35
14
8
35
39
28
38
7
14
16
39
6
33
22
39
36
38
8
39
36
32
0
19
39
7
7
37
5
