17
38
33
34
14
11
25
38
40
24
13
14
23
18
1
33
20
39
2
24
23
13
2
0
3
19
14
40
4
19
1
14
5
37
17
31
27
6
23
22
25
7
17
0
18
34
23
39
19
8
9
5
10
5
4
4
11
35
2
34
32
31
12
38
13
9
35
31
14
4
2
29
25
26
35
15
16
34
0
2
39
2
40
38
30
18
29
32
39
34
13
14
31
32
34
39
6
22
32
39
17
38
34
34
23
11
34
38
35
0
40
36
20
18
19
26
1
14
4
13
38
39
28
17
3
19
2
40
21
10
3
1
31
18
16
4
2
13
23
33
7
14
32
0
1
17
37
39
38
18
32
40
16
37
31
39
39
35
1
39
5
37
39
10
39
8
37
39
28
4
12
39
18
26
39
15
40
34
39
19
39
9
40
38
40
23
28
39
39
35
39
35
39
10
7
39
6
27
7
39
