18
20
20
39
27
32
38
34
0
17
8
19
39
16
1
27
24
30
2
36
2
24
21
0
37
28
31
4
40
37
40
23
5
4
28
30
22
1
17
6
32
27
24
7
18
32
32
18
9
36
4
36
4
6
10
35
32
31
11
1
3
40
23
29
38
31
14
2
14
25
38
31
15
10
38
8
26
16
5
38
2
9
28
9
2
37
29
12
4
7
20
20
20
5
31
36
22
20
22
2
4
7
3
39
11
34
38
24
8
17
8
0
25
36
4
37
4
4
38
18
7
20
39
16
1
28
4
7
12
2
40
23
2
5
12
30
16
1
32
3
33
14
10
11
2
6
31
34
39
40
37
40
33
37
40
35
31
29
36
39
5
6
40
8
39
31
39
30
40
37
40
29
40
35
8
39
2
37
39
38
10
9
39
30
8
29
39
3
39
7
40
36
20
15
36
40
22
34
22
38
