10
18
22
9
24
36
38
19
22
8
16
13
36
24
38
1
16
34
39
2
11
23
18
19
34
3
13
27
4
21
34
0
32
5
31
2
16
1
29
36
17
7
25
23
19
27
34
25
40
4
9
39
36
10
3
38
5
4
35
6
3
23
12
3
2
13
37
0
7
0
4
31
25
32
39
36
27
38
12
16
17
39
37
40
13
2
29
5
19
8
39
30
6
21
38
12
9
32
22
17
10
33
7
2
18
3
38
19
23
40
35
3
22
26
20
20
37
21
11
27
11
9
18
16
39
29
3
17
29
21
8
40
6
1
17
2
29
29
10
21
21
6
21
6
33
24
5
35
40
21
39
6
2
37
37
39
19
28
38
6
39
36
39
3
9
39
24
32
20
39
34
31
22
30
39
36
6
38
24
39
12
39
0
40
10
2
36
34
39
8
39
30
16
34
40
3
9
12
23
39
