33
24
10
11
18
0
40
34
37
21
23
0
10
40
1
26
16
34
2
2
2
17
22
12
3
12
19
33
4
24
32
37
15
5
1
27
27
6
2
29
28
1
18
24
8
19
7
33
20
0
32
9
29
2
32
10
28
40
11
8
12
40
23
40
7
29
33
4
14
25
4
26
39
15
16
34
34
37
16
28
17
0
5
39
34
29
2
19
40
38
20
2
20
5
31
16
11
22
32
39
22
8
10
11
34
0
40
34
12
35
39
0
25
36
27
27
16
18
5
40
28
18
38
12
18
6
40
39
11
24
30
2
15
40
1
18
24
6
3
12
32
1
18
30
8
26
10
26
40
25
39
9
39
33
32
40
37
25
39
39
20
40
40
40
40
39
39
39
39
40
23
26
39
31
16
34
39
37
39
29
40
23
26
39
39
40
34
38
40
23
20
40
20
8
40
16
39
22
40
40
