6
22
21
12
27
24
26
25
36
24
23
28
39
1
26
1
17
39
2
40
2
12
38
32
3
33
21
19
14
4
22
15
5
32
1
16
22
22
6
1
38
7
39
34
18
8
4
39
24
9
29
31
33
10
21
4
4
31
3
12
12
23
12
10
24
34
33
25
14
11
10
14
6
38
5
27
8
33
1
17
16
2
29
38
18
36
40
8
30
11
13
4
20
9
2
40
7
9
22
33
6
22
7
6
40
7
24
39
36
24
13
0
15
10
40
27
15
27
40
40
27
39
38
22
3
25
25
12
29
27
18
15
25
13
27
17
26
10
10
34
0
32
22
25
18
40
4
39
9
35
27
39
26
37
29
40
35
31
40
9
34
23
39
18
38
7
39
34
40
16
39
14
39
38
5
40
8
38
39
27
13
6
39
38
18
40
40
35
39
37
39
4
16
40
38
40
39
40
22
20
