21
13
20
33
39
17
8
9
12
12
15
35
16
18
1
21
10
0
27
2
11
11
17
13
29
3
1
22
4
19
15
1
5
1
15
31
2
6
38
3
7
23
0
7
38
24
28
33
19
9
34
2
20
26
38
39
10
6
3
12
12
35
40
39
23
36
13
6
24
33
31
30
25
6
26
16
36
39
7
13
17
13
17
28
29
11
6
3
37
35
30
20
19
39
4
31
0
40
32
22
37
5
33
38
39
17
34
22
10
12
0
35
9
39
36
8
5
37
27
2
40
18
38
13
9
23
29
18
39
18
15
1
5
40
4
7
30
6
30
24
8
23
32
30
35
28
22
0
33
39
39
4
39
6
39
11
39
39
37
40
12
40
22
40
31
26
39
6
24
33
39
36
25
38
40
3
36
39
36
32
39
5
37
28
39
39
6
37
39
16
8
28
33
39
35
31
14
40
21
22
