7
34
17
31
40
23
39
32
40
35
8
40
9
21
35
1
19
17
2
11
2
21
38
13
3
30
13
4
39
4
14
37
5
32
17
40
34
16
6
1
39
7
3
0
24
18
27
8
4
19
9
1
29
10
5
34
21
37
4
7
12
40
7
7
23
23
13
34
6
4
25
31
15
10
26
3
16
6
8
9
27
27
17
34
40
18
1
29
10
30
7
20
1
31
3
2
10
16
37
6
7
6
17
23
15
34
39
24
34
16
8
17
39
13
36
18
27
27
40
0
37
22
38
3
25
30
13
13
39
30
0
40
23
0
6
40
26
12
6
33
5
11
20
0
32
6
23
23
36
40
9
37
39
13
5
19
39
15
36
40
12
40
0
40
24
40
40
35
39
4
40
40
15
39
30
40
39
39
8
18
39
27
22
39
18
39
10
26
40
6
0
32
40
31
40
5
10
6
37
40
