17
7
9
23
32
8
29
16
8
26
26
25
36
1
1
34
1
17
27
2
31
18
37
13
3
39
14
4
20
40
4
28
5
25
22
26
22
6
24
17
7
38
7
4
31
4
8
29
19
28
19
9
10
1
20
33
11
33
40
22
36
12
27
32
13
24
9
13
39
0
7
14
25
15
16
39
7
16
27
9
40
12
11
18
18
18
29
7
35
30
13
38
6
31
0
5
32
40
5
22
17
10
33
0
34
0
11
34
39
24
40
18
36
1
1
12
2
11
27
26
4
12
21
38
10
39
3
30
3
40
4
29
5
11
26
26
5
31
30
5
32
34
7
20
7
4
32
40
40
28
40
37
10
39
22
33
39
33
39
37
39
17
39
33
13
39
9
38
39
10
7
39
38
15
16
39
33
10
39
40
40
40
14
40
6
40
35
9
34
39
13
38
5
39
0
25
32
40
29
22
