9
12
15
25
20
27
15
39
9
8
23
14
14
34
32
1
33
22
22
17
2
32
21
24
3
13
27
4
22
1
4
5
15
5
29
27
1
6
34
28
7
0
7
31
38
18
8
40
37
9
26
20
40
10
6
5
27
6
11
22
12
1
0
4
23
30
23
35
14
39
38
35
25
5
16
16
38
16
39
32
6
27
28
1
12
40
19
29
19
2
9
20
30
31
39
0
21
4
37
18
32
18
22
0
33
34
24
39
24
4
6
14
36
21
14
9
2
22
10
23
25
3
0
24
38
23
1
29
40
1
39
5
29
1
8
27
1
3
34
10
7
0
7
31
30
18
23
2
37
40
39
34
39
37
30
39
19
40
40
22
40
40
0
39
7
0
39
14
14
39
38
30
39
5
16
39
7
33
39
35
40
39
2
39
34
19
6
39
38
15
40
39
30
39
15
35
21
33
24
18
