14
18
37
11
40
7
38
34
33
35
8
0
36
21
1
34
38
39
20
2
13
13
35
40
3
31
34
30
4
25
15
1
22
5
16
39
32
39
1
17
4
7
30
1
38
18
8
35
33
33
9
4
20
10
21
2
21
39
39
12
22
22
23
1
40
13
33
14
10
14
25
37
25
15
35
26
16
2
27
3
27
11
33
18
35
38
29
40
36
35
30
31
19
20
38
40
1
32
37
39
14
33
22
23
40
7
38
34
9
24
8
18
17
17
36
5
37
12
11
0
13
13
40
38
28
27
16
30
39
25
4
30
22
40
25
21
32
3
26
31
4
13
30
22
4
20
34
22
40
28
39
4
34
38
39
2
26
40
39
40
40
25
40
1
39
36
39
32
2
40
32
40
25
39
40
39
34
39
27
4
27
39
33
0
6
39
27
13
40
37
30
39
16
20
40
40
38
3
33
39
