9
18
0
19
7
23
38
31
36
35
15
33
16
26
20
1
40
35
2
28
2
25
23
3
38
3
32
29
4
14
24
0
5
26
24
27
23
23
31
6
7
17
7
18
3
8
25
27
34
4
26
4
10
3
35
0
11
21
11
38
7
22
12
39
37
39
13
14
24
4
30
6
15
39
4
36
32
16
37
27
17
17
18
11
34
29
18
2
35
2
9
30
20
9
12
37
8
1
17
32
9
18
14
19
7
0
38
34
12
21
24
14
16
26
18
11
40
13
7
8
28
25
11
28
38
39
28
3
40
14
22
7
13
30
11
31
2
4
21
34
21
34
23
13
21
14
33
23
37
39
40
39
37
37
39
29
15
39
39
39
7
39
36
39
34
39
30
39
39
39
40
39
8
39
4
14
39
16
16
39
17
0
40
38
40
38
32
2
35
21
39
20
37
4
12
5
8
1
17
7
