22
16
21
32
40
24
34
39
19
32
17
24
22
36
17
1
27
25
2
11
2
21
39
3
30
13
29
3
4
25
25
14
1
5
0
16
31
16
32
1
7
23
34
28
17
28
24
4
8
19
9
24
29
10
40
22
3
37
37
1
0
32
28
38
13
0
24
34
9
3
29
10
25
15
3
26
16
10
10
37
39
34
4
37
4
29
40
13
39
40
14
30
2
20
31
37
22
32
39
14
22
33
38
17
13
6
34
39
24
7
17
35
17
36
2
9
27
22
37
18
19
21
39
38
40
14
29
3
39
9
15
10
1
21
13
4
28
2
32
1
2
6
12
8
17
28
31
10
25
38
40
38
7
10
40
3
0
37
34
39
0
39
13
39
10
10
39
7
38
3
39
18
25
40
34
22
40
19
14
28
39
8
4
39
3
17
39
15
39
15
20
13
31
39
33
37
39
32
39
40
