6
14
23
16
23
16
26
37
36
13
23
0
17
28
18
1
16
11
38
2
26
22
35
22
3
13
23
38
4
21
21
34
24
5
28
1
30
25
17
27
7
29
7
2
28
4
8
33
0
9
36
1
21
10
37
37
34
0
36
11
6
23
6
12
13
36
2
37
31
34
14
34
6
15
38
11
7
27
8
1
17
11
5
5
29
18
39
39
6
20
6
20
7
11
36
21
36
33
9
8
2
14
23
16
23
16
2
35
6
24
5
36
17
5
26
3
3
27
9
38
10
27
23
23
12
13
24
40
9
8
21
0
21
5
28
32
30
17
8
27
13
31
24
20
22
19
40
33
25
39
36
1
37
36
38
37
27
39
37
11
4
9
6
35
40
36
40
35
6
40
36
30
37
40
35
36
4
40
8
20
39
9
5
39
23
4
39
20
40
20
6
16
39
11
36
39
1
22
24
40
