9
17
37
0
34
9
0
8
39
25
35
25
28
18
39
1
21
37
2
2
2
11
26
21
23
3
32
14
4
23
26
15
5
32
39
16
29
0
25
17
7
33
2
3
7
8
34
26
19
4
39
39
9
20
10
40
31
35
32
38
12
3
23
40
13
4
34
3
7
37
30
25
14
15
16
10
16
11
38
27
3
17
39
40
18
2
1
29
5
34
13
19
40
20
31
21
38
32
0
5
22
7
33
23
34
38
0
24
9
25
35
25
36
18
19
36
14
13
27
37
38
1
4
21
38
1
29
24
2
39
26
4
15
40
23
25
32
0
14
7
7
33
22
23
7
8
34
26
36
39
40
39
9
39
10
40
39
11
39
38
36
39
39
40
35
39
39
40
7
39
24
3
39
15
31
40
38
40
38
27
40
17
39
35
19
39
38
24
30
4
30
39
9
20
37
39
4
7
40
20
