35
7
16
9
22
7
29
20
25
25
40
25
31
37
1
10
36
21
11
2
28
0
18
26
3
24
39
14
26
4
25
1
29
31
5
25
16
3
16
24
7
33
40
1
4
25
8
39
19
28
19
27
9
10
2
22
21
35
27
29
12
28
39
12
13
28
13
4
4
32
10
15
0
15
3
33
16
11
27
3
11
38
36
28
18
29
0
29
0
8
15
15
20
15
31
13
32
3
14
1
33
7
4
0
24
22
34
39
25
25
40
25
11
36
12
7
20
21
11
22
4
0
6
38
1
24
39
28
30
29
40
3
17
17
7
29
32
3
20
0
7
3
0
1
33
8
8
40
40
28
37
40
38
10
30
40
11
39
35
34
39
34
36
40
8
39
23
4
39
37
40
36
39
6
2
22
16
39
29
3
38
39
21
36
40
18
0
40
0
8
39
15
20
39
33
6
32
33
16
1
