37
33
0
22
11
20
14
34
39
24
13
35
38
38
1
17
22
20
28
2
22
19
12
28
32
3
21
13
4
35
14
5
1
5
22
30
17
6
24
35
3
24
7
18
31
4
8
31
39
9
39
6
35
10
21
6
23
21
11
38
6
32
12
29
23
32
35
33
39
2
40
38
25
15
11
34
4
27
33
17
27
5
7
18
2
34
2
19
34
40
30
20
36
20
39
21
1
21
0
32
39
33
7
22
0
23
24
34
39
24
35
39
7
39
1
36
1
20
20
4
22
8
12
38
29
3
21
29
30
39
17
19
40
23
22
32
32
6
13
24
32
0
28
18
16
17
26
28
22
40
39
6
39
35
39
39
39
37
33
39
38
32
12
39
38
32
39
39
39
36
39
38
27
15
39
37
4
40
40
36
9
5
40
38
33
38
2
40
33
10
38
20
40
20
40
7
1
21
4
14
