9
33
13
27
17
15
23
12
39
39
10
17
14
27
22
26
1
26
17
2
22
12
33
12
3
33
40
24
4
33
28
40
22
15
5
32
1
23
2
35
35
35
31
7
8
29
32
30
9
20
26
21
20
1
10
27
39
39
6
12
23
12
32
23
2
3
5
33
14
25
14
25
1
36
38
33
40
27
40
17
27
33
12
18
39
29
36
19
36
7
9
4
20
39
32
21
39
5
0
22
9
11
13
13
17
34
24
12
39
12
14
11
25
36
11
14
40
26
14
12
38
12
13
12
3
39
20
8
4
1
15
40
20
9
5
32
1
23
21
19
18
15
17
16
10
17
9
40
23
24
39
38
20
31
39
27
39
39
36
40
40
40
7
40
8
36
39
33
39
17
19
38
40
36
8
33
40
27
40
38
40
36
40
18
39
1
30
39
36
10
9
39
15
19
32
28
39
16
13
37
