7
8
21
35
22
27
23
12
22
9
25
13
20
36
26
1
30
26
2
12
2
26
18
3
40
32
3
4
22
4
25
16
5
26
28
1
24
6
21
2
33
7
25
18
33
8
3
0
25
19
9
20
2
10
1
22
21
3
6
39
33
12
28
2
28
23
7
1
34
9
37
15
38
39
37
16
38
36
27
2
17
2
12
4
40
3
38
29
19
1
6
20
5
39
16
20
37
32
7
40
15
38
9
40
22
0
34
9
10
35
25
35
40
36
26
36
22
26
37
40
18
26
25
38
4
0
3
39
29
7
18
18
18
40
10
32
7
19
1
3
17
33
21
18
21
21
34
16
24
40
35
16
39
37
6
8
39
10
38
26
40
35
0
40
7
19
40
1
31
39
34
39
38
39
37
36
25
39
33
2
6
39
9
4
40
3
38
38
40
5
6
40
10
40
40
24
40
40
40
40
