37
16
32
38
17
19
34
30
26
39
35
35
18
19
1
0
13
14
2
26
12
35
23
13
3
39
2
30
39
4
20
5
5
5
31
16
38
33
6
21
30
18
7
30
39
8
19
33
9
19
9
27
10
38
39
21
32
35
4
7
12
23
24
30
6
13
40
33
25
35
25
15
39
38
31
6
16
34
27
39
2
0
11
18
37
29
18
35
8
30
12
40
3
3
15
20
21
32
14
22
7
1
34
38
23
24
34
11
35
24
35
39
36
26
8
4
13
37
12
26
38
28
20
13
3
39
10
1
12
11
14
40
31
25
26
16
9
15
6
9
33
24
32
18
26
27
40
2
35
39
9
1
3
37
37
39
38
18
5
7
39
27
22
28
38
22
39
2
38
20
33
11
39
38
7
29
40
22
40
21
39
0
39
18
35
39
37
39
8
24
38
40
15
11
34
12
11
39
19
37
