12
20
8
40
34
24
13
19
12
8
15
18
22
20
18
1
10
17
2
32
2
20
31
11
3
0
21
13
4
40
28
21
21
5
15
37
32
25
2
33
39
7
26
0
26
2
3
4
0
28
9
39
29
38
38
21
30
4
32
28
35
12
1
23
5
40
5
9
14
4
14
25
7
15
26
7
7
16
38
32
17
2
18
3
34
18
29
6
35
19
20
6
35
9
31
9
40
5
22
40
5
33
8
40
9
10
11
34
12
8
13
35
22
8
40
21
27
24
37
27
20
26
23
11
40
0
21
39
5
4
30
20
21
14
15
30
19
25
1
33
30
22
19
14
9
34
22
1
37
39
38
39
39
37
40
33
4
40
32
40
35
40
36
39
40
40
40
40
39
4
39
3
7
39
35
37
39
35
8
39
6
39
32
40
2
39
13
6
39
0
36
39
32
9
40
27
40
5
2
40
