36
15
36
33
38
31
21
39
35
14
9
26
29
34
1
37
25
11
2
2
2
23
35
40
3
23
38
14
4
36
0
5
15
5
25
1
16
6
38
0
7
18
0
32
28
8
31
25
19
7
9
5
20
10
37
32
4
34
23
2
12
6
0
0
33
13
32
4
40
3
25
33
7
15
36
16
38
5
32
5
40
34
8
39
18
29
17
40
6
10
8
36
31
5
37
6
32
22
0
8
22
33
8
17
34
23
9
9
35
10
9
39
7
36
26
37
13
27
2
2
38
21
8
40
29
0
7
39
6
10
16
10
40
5
4
0
30
32
12
24
33
22
13
32
23
14
31
35
40
35
11
40
14
5
37
40
32
38
31
2
39
6
26
0
39
32
39
4
40
39
39
33
19
15
39
6
38
5
39
10
39
21
3
39
16
11
17
38
21
39
36
36
18
5
39
6
32
24
39
33
