0
15
34
18
23
24
7
0
19
35
36
25
34
27
1
10
25
20
2
2
2
27
38
3
25
3
0
26
4
0
2
25
5
2
15
2
22
6
34
30
30
7
1
30
36
28
8
31
19
9
4
39
4
20
10
21
33
11
39
32
12
35
29
5
13
4
33
31
30
5
39
26
25
15
38
16
38
36
4
38
32
2
17
18
2
2
7
29
18
39
19
10
5
3
40
38
1
22
32
22
15
15
3
38
23
18
34
0
12
35
10
25
18
39
1
12
0
23
40
19
28
25
38
3
0
29
3
22
39
17
40
4
31
2
40
2
32
0
32
32
20
20
33
1
28
28
8
31
22
39
39
39
39
40
39
35
33
39
31
19
12
39
31
35
40
10
39
31
39
5
39
40
40
15
40
29
40
36
4
39
12
35
26
39
2
10
11
40
18
39
39
32
38
22
40
38
28
20
7
22
