19
34
13
40
23
21
15
29
35
24
23
32
26
1
31
1
16
26
11
2
36
19
12
24
3
27
30
33
4
26
37
14
5
29
2
5
24
2
17
6
3
7
18
1
35
8
5
19
25
9
36
4
10
30
0
21
10
11
6
29
22
40
12
38
36
24
34
30
13
35
11
25
0
15
11
33
16
3
10
27
28
37
18
7
18
29
11
4
14
39
30
11
35
20
2
21
11
8
18
32
22
39
17
4
34
24
13
39
35
24
18
9
4
36
26
1
16
11
25
37
38
0
24
27
38
25
40
4
4
39
13
22
22
31
28
32
24
25
29
4
22
9
18
1
35
8
2
36
25
39
38
26
40
34
29
4
38
40
4
6
22
40
20
40
38
39
34
40
23
35
39
17
39
37
11
32
39
3
34
24
39
37
18
40
38
39
38
38
20
39
32
11
16
40
40
38
11
9
18
25
