8
23
18
23
36
33
35
9
35
18
35
0
0
1
34
1
27
24
2
2
2
33
31
25
3
20
14
4
18
4
20
26
40
5
28
15
16
1
22
1
7
18
25
7
2
8
18
31
30
30
9
35
25
10
29
5
11
2
22
12
23
12
28
1
8
9
8
7
14
37
36
5
5
15
10
38
16
27
36
16
10
16
5
11
29
11
1
18
19
40
1
30
8
20
39
15
1
32
0
13
8
33
23
5
24
34
39
38
9
24
35
26
19
2
7
27
27
27
37
17
15
0
38
24
39
12
16
6
24
19
19
23
40
23
5
6
12
14
22
7
28
32
11
2
30
8
37
40
39
36
39
33
39
36
29
39
12
40
39
26
36
39
26
26
8
9
39
33
9
33
39
35
23
40
4
14
40
3
35
39
22
39
16
31
39
19
35
39
7
21
40
38
39
29
39
9
21
14
0
38
