6
14
37
34
22
24
27
16
19
23
13
0
37
1
1
1
31
1
23
2
21
20
12
22
23
20
3
40
1
4
30
15
2
5
23
32
20
16
1
3
23
26
26
23
40
18
8
27
9
4
39
5
33
10
37
21
2
21
38
37
12
39
23
2
30
0
37
24
35
14
2
25
15
7
31
32
7
39
27
17
4
3
36
17
1
36
18
0
37
34
30
20
39
36
37
21
5
1
3
9
22
14
37
11
40
24
24
4
19
24
13
5
19
37
36
3
8
18
27
8
14
4
17
22
14
18
3
40
15
30
30
32
18
32
1
2
7
33
1
3
8
33
13
28
36
35
3
15
15
38
7
40
5
29
37
26
39
39
35
37
12
39
2
2
30
39
37
34
25
17
39
37
33
8
39
3
14
39
1
39
4
39
36
3
39
36
40
40
13
34
24
39
16
17
17
21
39
8
3
9
