39
23
16
6
15
34
10
12
24
35
24
18
15
24
1
23
16
11
2
27
2
12
35
39
26
40
3
19
4
36
21
31
29
5
30
36
40
3
22
27
7
33
22
7
22
32
4
19
38
28
9
20
10
31
39
21
36
28
6
11
35
12
39
23
35
40
33
39
24
31
25
1
32
15
2
16
37
5
32
33
4
6
40
18
9
9
29
30
37
40
7
15
20
7
37
9
32
2
5
0
22
5
38
9
9
34
10
34
0
35
7
39
15
36
12
17
16
37
4
27
1
38
40
39
12
20
3
21
39
2
19
31
4
8
31
25
6
3
10
12
7
33
28
16
8
25
4
9
40
34
40
20
40
0
39
39
39
38
39
35
40
5
39
39
35
40
27
39
39
27
40
1
39
20
40
29
37
40
32
33
5
11
40
37
9
9
3
40
37
40
39
31
9
7
39
10
2
2
39
20
