9
18
14
10
15
37
16
11
13
32
39
30
17
1
39
1
26
28
2
31
2
38
12
3
28
3
36
4
33
27
4
5
33
5
28
26
26
16
6
25
7
3
4
2
7
8
34
5
9
36
2
20
10
10
5
10
33
21
7
12
3
11
12
39
7
13
24
37
9
14
9
39
40
40
9
9
4
3
39
27
36
33
18
17
18
10
12
6
29
30
35
4
39
20
40
3
38
10
7
15
9
16
8
23
15
14
34
14
7
25
39
35
36
10
0
40
26
20
27
8
2
40
1
22
38
5
0
39
5
5
4
23
29
40
0
11
26
32
8
29
28
11
4
27
34
27
34
5
20
40
29
39
20
7
39
37
39
39
40
40
26
39
32
39
28
13
39
31
9
39
9
39
40
35
39
9
40
40
7
25
40
1
38
40
24
10
39
6
39
30
40
39
39
39
40
3
39
39
9
8
