38
27
33
33
38
6
35
36
37
8
32
25
40
18
36
1
25
22
37
18
2
30
12
19
40
38
13
22
4
26
13
30
5
1
31
40
21
32
6
30
25
22
7
22
18
34
30
9
35
39
19
9
25
30
34
2
32
11
34
32
22
12
33
28
7
24
4
9
9
37
8
15
9
2
37
16
4
36
38
16
27
36
8
18
28
2
5
1
29
0
10
20
36
40
13
31
32
12
4
2
3
10
33
23
38
24
18
12
34
8
35
25
40
8
36
16
14
6
37
14
2
7
40
19
40
38
19
24
39
6
20
30
26
40
19
40
21
6
10
34
25
4
34
3
21
32
30
17
31
40
39
4
40
40
33
39
0
36
39
8
4
39
12
28
39
24
39
9
9
40
8
15
39
2
7
39
4
22
24
27
39
36
8
7
38
39
5
37
29
40
30
15
38
40
23
37
32
1
39
8
