33
39
15
34
18
22
36
13
28
23
39
38
25
1
1
1
30
1
2
12
2
22
39
21
3
20
32
39
4
20
26
0
5
26
31
36
40
6
17
23
23
7
0
18
30
18
4
3
9
36
38
20
10
9
21
10
30
22
0
11
12
8
8
39
3
38
24
14
4
40
10
11
15
11
14
16
10
27
16
10
37
12
39
2
18
7
29
39
40
30
39
20
31
13
40
2
32
38
38
7
33
15
15
10
15
40
34
35
6
23
39
24
25
26
36
19
40
1
16
27
22
22
38
8
12
10
9
39
40
14
25
0
5
26
40
14
10
12
26
32
26
7
17
1
13
12
28
10
39
40
39
36
40
9
40
25
11
39
32
11
39
8
39
39
40
38
39
39
33
40
38
40
39
11
40
37
39
39
16
31
31
39
7
1
39
5
40
39
40
34
39
20
31
40
40
38
39
38
39
7
