12
16
22
26
11
22
0
19
20
22
21
36
28
33
1
23
17
37
2
20
2
22
29
3
3
3
14
39
4
37
24
40
5
37
15
5
26
22
16
6
3
7
0
31
18
4
8
25
19
20
9
39
40
20
26
39
11
30
11
12
35
23
29
12
8
13
0
2
3
14
1
25
7
1
26
40
16
27
39
34
0
0
28
29
18
38
39
39
34
1
30
6
13
31
8
20
15
22
10
32
10
16
22
8
40
34
0
19
24
35
3
0
39
15
36
23
13
37
40
20
28
22
38
28
15
17
29
39
22
17
28
40
3
40
12
15
26
30
4
6
7
29
0
30
0
35
18
11
39
39
39
40
37
39
17
39
11
36
39
12
39
37
29
40
4
40
39
2
36
39
26
27
39
37
13
39
36
27
39
10
30
23
39
17
18
27
39
15
38
32
40
10
40
36
38
39
13
39
40
39
