12
8
38
39
16
24
39
31
22
35
15
24
34
39
1
18
19
37
39
2
0
20
12
32
3
39
13
4
28
13
1
5
31
5
29
1
22
6
25
24
7
2
37
39
25
8
7
1
9
19
39
32
20
10
37
2
38
21
11
32
3
22
12
2
2
13
35
30
30
35
35
5
25
38
40
16
39
5
16
37
27
28
18
4
18
34
34
34
19
30
6
19
2
5
31
10
40
32
8
22
12
8
38
38
33
24
6
24
17
35
9
24
4
18
11
18
19
13
9
16
15
20
27
38
29
4
23
8
6
12
23
24
40
6
15
24
9
15
25
34
16
2
32
17
0
8
7
20
36
39
40
32
40
10
40
9
38
39
22
39
35
39
38
39
28
39
35
39
7
0
39
36
39
38
40
40
39
5
39
38
17
28
39
11
18
37
9
1
19
32
6
37
12
5
39
7
9
25
8
37
