9
16
0
26
31
11
7
14
17
34
32
35
37
17
22
1
0
24
23
2
0
21
40
0
3
25
13
24
39
4
20
26
27
5
16
22
1
20
37
38
7
7
35
7
35
0
4
20
9
35
9
20
10
0
10
40
21
3
29
37
23
12
39
3
24
24
4
30
14
37
9
2
25
4
9
40
40
39
27
33
38
39
18
17
9
12
35
29
19
30
39
6
39
5
21
9
11
9
32
22
7
16
2
39
38
11
34
17
17
6
11
35
36
18
26
40
0
17
21
40
0
21
38
0
0
10
13
39
23
29
40
4
11
5
4
21
1
7
0
9
32
29
8
16
0
15
28
6
35
39
37
4
39
0
39
40
30
39
5
37
39
12
39
39
39
39
32
39
24
34
39
38
32
39
9
40
0
39
40
40
38
39
40
36
39
33
27
39
19
21
39
37
31
39
28
9
39
18
33
37
