6
5
32
37
39
24
20
12
22
24
22
20
21
18
1
12
12
17
28
16
2
38
40
39
21
27
38
1
14
21
4
5
39
1
15
22
32
6
40
32
38
25
18
7
31
8
34
19
1
30
35
0
25
5
25
11
21
11
34
12
7
32
23
27
12
33
8
24
25
14
28
34
15
3
0
26
16
6
36
6
5
28
34
18
3
40
18
37
30
6
4
20
8
4
31
40
37
5
4
22
38
7
1
3
39
4
34
18
22
24
22
10
39
18
26
26
27
40
13
27
18
38
3
39
21
11
20
19
30
13
4
7
40
31
14
8
32
6
9
32
15
33
9
8
33
34
5
35
39
21
40
37
40
36
40
6
37
0
39
12
7
32
39
25
12
39
35
40
39
14
39
34
13
38
40
26
16
40
36
11
5
39
34
39
3
40
4
1
40
36
4
40
16
4
31
40
37
28
40
22
