24
32
22
8
34
19
39
16
36
35
9
15
31
1
22
1
26
18
0
2
11
11
17
13
23
3
40
13
14
4
1
14
5
2
15
18
29
3
1
17
7
28
28
7
17
40
4
27
22
1
9
2
35
10
2
3
33
11
5
36
23
6
0
27
13
37
24
35
39
39
14
7
28
28
10
34
27
16
31
11
5
31
9
34
29
35
18
8
9
36
20
4
39
31
40
9
21
22
1
33
22
13
0
15
34
24
39
40
36
35
0
15
2
7
26
25
27
10
38
6
12
12
23
39
23
29
25
12
14
40
16
15
18
20
15
18
32
5
1
25
7
28
29
7
17
24
30
25
40
39
28
37
27
39
35
37
33
6
17
36
38
39
0
7
24
37
24
35
40
29
38
40
27
34
40
40
26
39
16
29
5
39
13
34
37
34
39
14
31
20
40
37
40
21
40
9
21
33
39
33
