20
22
13
23
16
34
31
11
15
18
29
35
9
1
1
1
29
21
2
1
11
24
2
3
27
3
20
0
4
27
30
5
28
0
31
30
1
6
3
5
7
33
7
3
18
24
28
8
29
39
9
26
20
26
10
40
32
30
0
29
12
35
39
29
0
23
1
14
2
33
38
14
31
25
16
16
35
27
5
8
0
17
33
10
7
10
19
29
38
19
30
20
35
9
6
31
21
32
2
13
13
22
11
0
4
34
38
15
15
11
6
35
9
3
1
1
40
21
2
37
15
38
28
12
14
39
13
12
12
31
29
7
31
40
0
30
28
28
33
29
29
33
5
27
17
2
28
9
40
39
26
36
39
37
40
40
21
30
39
29
4
35
39
3
17
11
40
38
40
32
10
39
31
25
39
33
4
39
5
39
35
39
34
39
8
23
39
19
12
39
30
20
14
9
40
19
21
24
36
13
