10
8
16
38
32
34
20
8
33
24
26
20
26
40
1
0
17
29
2
25
2
38
35
12
3
24
39
14
4
31
31
25
5
1
22
25
5
6
24
27
31
18
24
3
7
8
25
2
37
28
9
6
4
10
5
37
21
36
28
34
12
23
4
2
0
8
24
9
14
6
14
4
25
15
39
3
11
27
17
39
17
35
18
7
18
30
29
11
2
31
19
10
31
20
21
3
6
32
33
22
39
8
16
38
35
34
20
40
19
24
36
11
6
40
4
0
37
11
40
25
20
38
1
25
24
16
39
14
40
9
3
3
40
21
32
0
5
11
14
6
12
18
8
3
22
36
31
2
39
5
23
38
35
40
12
14
33
4
38
40
36
8
30
2
32
39
34
9
37
6
14
39
2
33
39
3
40
15
39
39
31
24
40
38
38
40
26
35
2
39
19
13
31
20
21
39
15
32
35
17
