10
27
27
37
8
30
18
13
21
37
31
38
35
14
1
36
23
40
2
31
2
37
14
27
3
22
27
25
4
13
27
26
5
20
1
40
19
6
16
21
7
7
7
17
39
34
34
31
9
32
19
40
29
20
10
28
3
21
1
31
22
23
12
23
7
13
11
34
38
24
28
31
39
37
31
16
16
30
14
2
27
28
5
12
18
3
17
10
29
4
18
20
11
39
40
31
0
13
11
22
32
12
10
12
1
18
24
38
34
16
25
22
35
13
21
36
10
0
13
37
28
26
26
26
38
22
0
11
19
39
17
19
24
20
2
40
23
11
20
6
7
8
8
1
17
34
33
6
29
36
39
40
37
39
7
28
39
29
6
40
14
39
2
39
12
14
11
40
39
39
38
40
39
36
21
39
32
12
3
39
28
25
22
39
35
18
39
11
29
40
38
9
36
35
40
10
0
30
40
26
