13
11
16
25
33
25
39
26
17
9
25
34
40
27
1
11
15
27
40
2
35
37
22
23
3
39
25
23
4
21
1
5
5
25
5
35
37
17
33
6
26
7
2
26
2
36
39
25
19
4
0
9
10
21
5
6
38
21
33
36
38
29
2
23
13
33
5
35
25
10
35
15
6
32
2
5
10
27
39
17
2
40
16
18
35
34
29
2
30
8
39
19
20
10
31
6
7
32
38
0
13
22
16
6
34
39
39
35
2
9
25
39
40
1
19
18
37
27
40
0
1
38
14
20
28
12
15
39
4
40
6
5
10
4
5
25
31
4
2
25
25
12
8
15
35
3
23
40
39
37
39
37
32
39
34
9
39
8
33
40
38
29
40
23
40
34
39
16
33
39
23
39
6
39
34
39
2
22
39
21
6
39
17
18
16
39
35
2
39
2
39
39
16
6
39
6
34
39
4
39
