18
33
26
34
17
39
39
15
35
28
32
16
17
1
31
1
26
18
27
2
38
20
20
19
13
28
34
4
20
4
0
39
5
1
15
25
4
32
27
6
31
7
25
32
18
2
37
20
20
9
20
34
27
10
30
3
11
40
39
12
36
0
12
23
37
35
24
3
37
14
2
35
25
26
27
33
16
33
2
7
2
17
29
38
38
18
13
29
39
40
20
19
4
0
21
20
15
32
22
40
5
14
34
34
17
23
34
15
35
2
10
5
11
36
26
0
26
37
38
0
38
20
38
39
28
18
39
21
2
4
40
14
29
28
15
27
16
25
27
17
3
5
25
16
16
2
0
39
32
25
38
0
40
37
30
38
37
40
39
12
33
40
9
1
37
40
10
7
24
40
16
34
40
26
39
28
39
38
2
7
22
39
36
38
32
39
36
39
39
40
0
40
4
35
38
40
15
32
40
40
