21
22
8
32
14
25
34
38
36
24
18
39
40
1
31
1
26
37
18
2
25
28
38
30
3
14
23
40
14
4
14
1
5
2
3
15
26
33
6
17
7
24
28
0
4
8
19
37
26
19
5
33
1
40
5
11
33
11
10
12
32
12
5
39
23
13
37
3
30
39
4
25
5
37
38
16
11
16
37
2
33
40
17
34
38
3
29
13
5
30
6
20
36
1
31
1
32
4
22
5
8
22
8
13
2
2
34
23
14
35
18
39
14
36
40
21
14
37
18
21
24
28
38
19
26
7
18
39
30
4
30
40
28
10
27
15
11
19
21
17
7
23
0
2
35
8
36
37
26
39
5
28
39
39
40
11
38
40
10
39
0
35
39
5
33
17
25
39
8
39
24
33
40
13
18
7
39
4
37
39
16
40
39
17
38
40
22
1
36
40
10
31
39
40
31
39
32
4
19
5
