0
12
39
24
21
18
34
17
22
28
13
14
23
21
1
25
22
17
18
2
29
24
39
19
3
25
38
27
4
40
14
14
5
15
5
28
23
2
31
6
7
1
7
31
3
19
8
1
5
1
25
38
10
9
37
21
7
11
0
12
12
30
3
23
5
24
34
13
33
34
25
2
15
9
5
11
27
16
12
37
17
11
4
18
34
29
36
37
19
30
20
20
32
31
11
21
20
5
16
22
0
12
39
34
6
35
34
18
0
24
13
14
2
19
26
4
37
7
7
2
0
38
17
2
28
4
39
4
4
40
2
14
31
10
5
6
15
16
20
6
25
1
7
0
3
7
40
40
5
40
7
37
7
9
39
24
11
37
0
39
12
37
33
39
5
4
20
40
37
39
25
39
20
9
33
39
27
16
39
17
17
40
0
34
39
34
39
37
19
30
39
20
32
32
17
21
15
39
35
33
