34
19
34
23
7
33
40
24
36
35
9
19
9
1
24
1
10
0
19
2
30
17
21
3
23
12
3
39
23
23
4
0
5
24
21
21
17
6
3
36
40
18
30
7
19
8
33
32
25
4
9
34
20
21
30
6
33
1
11
33
3
40
5
24
12
13
36
6
14
31
31
25
10
36
16
36
3
27
39
16
36
36
17
18
38
29
39
37
11
30
10
0
9
31
0
1
21
22
32
19
13
22
18
23
38
34
40
24
12
35
22
39
40
17
7
19
14
37
2
28
25
38
21
3
29
29
12
39
7
15
7
0
40
24
25
1
20
25
25
20
23
8
30
9
11
23
11
1
39
40
39
22
20
39
19
38
12
31
39
28
28
40
39
34
25
39
36
19
39
22
40
22
39
36
39
14
3
4
39
16
36
39
38
29
39
8
39
36
11
28
40
14
27
40
0
1
39
36
19
34
