12
63
0
61
40
15
36
61
11
35
14
11
9
49
19
1
30
40
61
61
2
54
40
19
28
47
30
3
45
61
15
42
5
30
23
24
46
2
6
28
50
7
48
48
30
19
44
21
9
9
9
22
21
10
21
6
11
29
6
11
51
12
36
35
13
5
13
40
27
62
9
15
54
9
4
8
15
16
43
62
3
53
49
29
41
52
19
35
18
19
59
42
9
50
50
21
9
2
61
0
35
54
57
62
1
12
57
23
37
62
38
62
38
26
46
52
12
27
7
14
55
40
59
17
9
29
41
59
42
23
17
24
0
43
59
60
62
46
45
3
59
8
60
7
47
2
56
56
8
4
12
12
60
37
7
1
19
17
50
1
39
63
63
5
40
15
8
2
29
53
9
11
28
22
19
26
18
22
61
14
25
44
11
57
28
8
62
3
64
30
15
8
60
16
24
24
60
24
6
6
19
22
4
51
13
2
63
21
64
8
29
15
21
35
54
15
1
29
6
11
12
12
26
31
6
54
30
32
27
50
46
63
5
54
62
2
64
16
62
29
1
51
64
56
41
11
19
63
38
19
64
42
62
2
64
35
57
61
63
52
53
53
63
62
36
35
63
50
11
62
64
0
38
64
46
63
50
63
52
14
50
63
59
61
18
50
60
64
42
23
17
61
13
55
62
60
62
5
45
15
59
8
16
7
30
52
5
32
8
52
64
7
10
23
14
1
19
17
49
60
