10
19
52
23
42
36
36
35
59
24
33
33
26
37
26
1
14
51
43
2
55
0
34
22
62
3
35
25
53
4
55
37
60
36
23
5
6
53
58
18
7
31
37
32
18
22
57
29
9
59
38
7
25
10
46
36
38
64
35
60
11
12
50
43
41
0
25
0
14
12
53
2
15
62
2
55
12
14
16
17
12
47
50
64
6
18
59
50
49
42
6
53
7
20
59
21
44
51
12
62
35
57
23
1
38
60
24
16
37
14
16
40
64
25
45
41
17
8
18
53
10
49
10
2
20
62
62
16
20
31
10
58
32
23
32
27
1
4
1
3
16
34
34
25
63
6
35
17
55
11
16
37
33
22
63
31
5
11
37
8
54
9
6
23
15
28
28
7
59
24
3
62
11
11
61
36
36
22
62
13
39
25
38
20
46
35
35
34
29
15
21
3
22
47
45
43
23
12
35
47
35
29
2
38
32
5
22
32
3
32
33
7
41
28
39
1
34
10
32
33
49
12
21
19
23
3
25
32
28
60
62
58
64
58
34
31
64
60
62
58
63
37
25
12
6
7
64
61
49
7
54
63
16
61
32
8
26
62
43
63
29
41
56
61
52
64
38
59
17
3
64
64
14
33
38
35
1
43
36
38
28
42
40
40
7
21
53
59
42
47
2
37
35
42
37
45
55
13
48
46
44
12
19
31
7
63
35
19
55
26
5
31
40
14
10
43
64
11
43
46
