38
34
51
52
26
47
61
57
30
42
28
57
10
40
1
63
30
62
22
2
23
27
25
18
31
38
38
4
55
4
62
30
0
1
5
39
30
47
39
6
7
49
63
34
19
40
8
43
58
58
38
45
58
10
55
22
11
62
2
49
23
38
24
5
13
64
13
50
9
48
35
64
14
61
2
0
16
31
31
50
36
29
37
3
30
18
47
44
4
13
5
5
20
21
33
15
42
6
53
22
54
61
60
23
51
36
0
62
54
8
56
58
51
15
16
5
62
15
9
27
40
61
51
5
41
50
4
8
48
30
50
61
59
51
13
9
50
45
23
63
13
21
14
13
34
53
47
60
18
57
18
32
49
33
0
9
29
31
17
35
39
36
51
20
53
2
52
57
30
5
63
30
8
7
40
54
60
43
19
24
45
27
57
56
63
38
38
38
29
33
32
32
63
15
42
24
30
47
39
41
29
61
63
3
8
62
40
23
12
49
53
46
42
23
11
15
48
41
13
8
46
1
42
43
6
3
57
41
61
62
35
64
21
62
2
0
64
53
61
3
36
9
63
34
30
63
47
16
61
6
59
42
17
63
50
45
9
61
33
20
54
63
61
34
58
36
51
64
54
8
4
31
51
15
63
25
7
60
23
48
63
61
51
5
64
50
4
16
56
30
46
61
59
35
57
9
50
61
31
63
4
55
14
1
61
9
47
60
40
57
3
32
49
33
34
4
29
31
17
64
