24
34
10
22
6
30
20
21
26
35
35
14
8
11
1
54
17
42
2
29
15
32
58
3
42
3
3
4
4
41
4
40
49
14
52
43
0
55
6
29
3
7
64
39
1
19
38
50
9
45
34
50
53
10
59
56
47
11
22
30
35
55
61
64
59
9
13
35
12
64
44
7
45
13
60
16
37
50
48
17
57
13
57
8
30
48
58
19
44
13
40
9
19
15
52
63
17
6
22
34
59
60
23
39
38
24
2
57
59
37
56
41
51
26
59
22
46
53
58
28
0
44
45
41
10
17
18
59
42
43
42
4
1
48
46
46
49
62
32
10
18
10
57
58
2
47
26
35
24
48
48
18
50
27
5
59
1
13
35
6
30
1
53
40
54
52
27
32
41
17
40
9
15
42
20
7
55
21
57
11
27
3
30
15
40
27
44
8
19
31
47
60
20
48
49
45
26
18
10
0
7
7
5
38
36
52
9
17
2
3
52
45
37
1
45
49
45
29
44
9
35
48
51
13
24
14
13
11
47
64
11
61
64
60
25
63
63
52
62
58
5
18
6
63
18
28
19
48
63
33
62
64
64
44
7
54
57
63
49
64
46
63
1
47
63
61
29
63
21
47
61
63
49
36
47
43
63
58
49
1
11
64
8
16
10
19
13
18
22
20
13
63
46
5
9
36
59
63
40
8
17
15
7
18
38
20
57
35
10
3
33
63
1
31
15
34
61
56
57
13
