34
11
24
41
45
60
26
40
33
49
39
63
40
1
16
1
52
12
40
56
2
22
12
34
3
64
38
26
58
46
22
27
4
28
5
50
29
62
40
57
33
22
7
43
25
28
43
21
50
9
62
24
55
58
22
27
3
46
40
7
61
34
12
52
32
37
11
59
26
25
26
64
42
30
62
16
47
31
57
29
2
53
9
18
54
56
39
2
19
35
44
8
33
63
3
9
39
49
49
35
47
14
23
58
55
24
49
10
2
24
60
39
50
23
43
22
53
52
3
40
20
28
28
43
41
5
10
8
60
28
63
43
49
18
30
27
53
22
11
33
34
46
33
2
9
9
14
23
56
19
49
36
3
1
38
64
10
5
39
51
7
27
40
37
52
57
21
40
25
10
41
54
13
22
27
1
25
58
57
56
25
18
63
22
46
8
30
6
58
36
21
34
44
36
2
6
60
62
23
7
61
2
32
0
37
46
40
20
2
38
14
9
26
34
39
18
44
10
6
36
8
37
12
35
11
24
29
64
5
45
61
63
47
44
62
45
59
64
63
53
62
63
39
1
64
28
64
33
64
40
36
63
37
63
62
38
47
12
36
17
63
52
0
50
62
36
41
47
63
35
15
12
34
2
31
17
47
58
64
34
40
23
24
63
20
60
49
51
60
37
58
56
45
50
12
13
13
15
53
25
40
41
36
62
26
50
64
12
19
43
45
7
47
59
0
63
47
5
51
50
