57
52
10
63
60
35
55
54
64
54
19
44
44
23
44
1
41
12
27
2
55
53
52
54
25
26
58
23
4
15
57
32
40
1
59
21
21
6
52
53
21
18
29
7
50
8
37
40
22
40
56
23
9
26
31
34
23
39
51
27
1
28
38
26
35
25
42
14
9
13
32
7
51
15
10
16
55
50
36
17
51
12
3
18
30
18
8
57
19
47
3
11
20
61
63
56
10
4
34
44
22
57
17
63
24
24
36
37
24
7
4
4
47
48
1
60
57
47
21
49
28
17
51
20
22
10
11
52
42
59
23
30
17
49
14
44
5
10
33
23
14
9
34
11
20
51
19
35
7
36
48
36
17
19
5
0
50
0
10
2
21
52
21
63
60
18
26
34
64
15
19
42
25
9
17
42
0
6
16
25
57
56
38
32
58
0
63
23
2
26
39
11
4
60
5
4
21
18
40
18
23
21
50
5
36
10
32
7
2
30
0
7
17
64
31
34
12
2
41
21
47
6
10
37
35
15
22
42
48
13
32
63
46
15
64
10
25
61
63
17
48
52
59
2
25
63
62
57
34
48
12
55
63
24
6
63
0
57
63
28
1
57
34
63
19
15
27
62
24
15
63
33
58
32
14
52
48
63
44
8
42
43
9
63
26
47
3
18
42
49
60
30
17
50
27
63
61
26
25
46
28
0
3
43
25
3
39
13
49
64
52
33
24
26
24
24
4
26
32
19
