62
9
0
49
44
25
28
11
24
22
59
24
9
33
18
1
0
48
34
2
33
44
17
57
3
40
36
35
40
4
34
37
5
42
5
59
50
6
39
55
7
64
7
42
64
8
51
58
44
5
49
5
26
2
10
22
11
23
6
64
3
9
10
9
13
12
0
50
34
52
46
15
49
48
15
16
63
59
56
57
30
55
17
0
18
3
37
62
19
32
32
43
36
46
60
21
60
22
56
38
38
15
35
35
11
23
46
13
55
25
11
60
26
25
26
59
52
9
40
41
0
62
64
42
29
15
5
50
47
57
17
64
6
57
23
55
17
32
46
54
33
20
34
4
0
19
35
48
32
18
57
14
49
33
36
52
37
33
51
11
5
9
12
0
12
60
27
53
24
11
27
5
60
6
40
11
39
18
7
18
32
34
58
30
3
6
39
10
5
4
29
42
27
29
43
5
41
24
44
6
29
30
27
38
10
31
0
25
22
29
3
22
9
20
24
27
11
56
6
28
57
9
58
23
23
12
21
17
34
61
63
60
52
61
64
63
19
58
62
63
45
26
44
13
27
64
61
17
63
33
58
19
61
58
63
14
56
49
63
20
63
57
63
26
63
37
64
21
22
6
11
60
15
63
32
22
1
3
38
62
0
62
63
1
10
30
64
63
30
63
27
35
28
45
28
63
7
34
48
47
14
14
38
14
27
63
62
6
59
40
63
59
60
21
32
27
25
12
51
19
