45
36
58
23
15
58
15
57
12
31
46
58
42
46
1
40
32
22
2
29
51
64
49
3
2
23
35
29
0
4
44
63
32
61
59
57
5
6
2
45
7
1
27
52
25
60
58
60
9
4
52
30
45
9
22
32
53
11
35
50
29
38
40
13
34
13
12
7
14
42
1
15
1
9
49
15
45
47
11
36
33
59
18
51
18
31
33
9
4
35
32
64
40
7
15
21
44
49
34
53
10
38
14
40
44
12
24
64
42
58
25
62
16
49
62
14
63
60
7
40
1
49
23
28
20
21
20
56
52
62
44
6
20
50
26
2
32
19
31
16
55
6
34
14
47
2
12
52
32
62
55
5
12
29
6
7
51
18
54
32
52
52
17
16
15
23
53
41
24
54
8
35
42
62
56
7
40
57
63
25
19
29
43
14
22
15
32
59
62
43
10
62
23
61
33
35
20
61
13
33
8
44
63
41
10
50
36
25
51
4
64
31
38
49
41
0
45
11
54
52
8
16
46
1
36
3
28
7
0
59
64
43
31
63
61
14
51
61
53
63
62
47
42
43
58
56
63
31
9
63
29
22
25
62
64
7
60
33
64
1
61
63
21
63
8
32
63
43
49
10
55
24
63
58
3
21
63
21
54
25
26
31
59
22
54
51
20
33
17
38
27
50
61
1
45
31
56
27
11
21
40
64
39
58
50
44
30
0
22
61
9
39
38
60
52
57
41
46
32
7
