21
53
33
29
53
24
45
38
49
50
14
23
45
1
18
15
1
62
2
62
59
2
26
45
3
38
40
60
37
4
34
31
34
5
17
21
16
6
35
51
48
58
19
7
8
36
19
47
50
32
2
26
53
10
6
0
32
53
11
28
3
12
38
30
13
33
62
45
42
14
33
61
5
10
27
8
16
40
0
5
50
2
50
31
18
55
56
19
43
16
17
38
43
0
9
21
46
39
20
12
49
35
57
22
3
7
10
24
37
25
63
50
40
47
0
0
15
14
1
43
40
27
41
29
45
55
57
62
28
52
19
12
22
57
19
49
60
45
23
33
61
64
28
17
5
15
52
24
63
36
58
35
49
37
63
8
55
51
61
39
26
14
6
29
30
37
33
55
5
7
36
27
24
14
29
15
60
60
28
62
9
21
24
20
19
12
46
3
61
25
60
15
30
4
11
20
20
38
8
7
62
21
0
31
34
35
19
44
28
31
44
37
8
7
4
13
42
24
32
3
33
32
30
47
13
39
8
63
54
22
63
63
62
33
60
64
49
58
16
62
60
25
63
63
59
19
30
64
55
57
56
14
13
63
51
44
60
40
63
55
50
23
18
64
56
61
63
53
43
36
49
63
31
3
0
24
53
17
29
3
54
53
63
56
43
2
8
44
24
54
41
53
22
7
2
22
13
45
5
46
4
7
3
17
45
49
1
42
21
25
58
59
37
19
46
7
49
15
25
28
