31
60
8
22
58
22
51
29
49
25
22
39
12
1
25
1
46
24
2
34
2
13
35
31
19
3
41
51
18
4
47
42
51
5
55
1
6
33
54
52
26
7
62
4
64
19
20
62
50
29
26
46
2
57
32
10
11
44
34
29
23
57
52
0
13
57
32
31
10
12
53
46
15
31
36
40
51
0
17
16
17
1
14
43
2
63
12
64
31
5
40
6
10
61
21
10
14
2
46
22
52
61
35
16
57
36
3
19
12
25
12
8
25
48
1
2
55
39
2
14
58
41
3
58
29
0
1
42
56
23
50
28
62
9
44
15
63
30
33
60
52
10
27
29
33
24
27
12
2
17
8
30
25
17
1
49
1
25
38
16
29
5
52
10
26
29
12
60
12
60
60
31
0
3
43
63
14
43
6
61
62
22
35
21
61
46
58
14
16
29
47
36
21
47
34
14
2
61
40
37
6
46
62
9
37
0
19
62
52
7
21
49
42
6
64
43
55
3
0
29
57
54
16
53
6
57
5
31
10
4
8
64
56
40
63
59
3
53
63
61
38
63
63
24
15
64
37
23
64
53
58
63
17
63
3
63
58
50
63
59
27
64
35
55
64
37
15
64
50
0
51
45
63
4
48
63
10
59
15
4
7
64
33
60
19
34
16
54
15
12
17
41
62
46
20
31
63
40
53
62
26
29
34
18
43
40
22
18
49
15
60
42
64
56
57
12
47
58
27
11
