14
57
11
39
31
60
41
59
62
62
30
31
42
54
39
1
0
30
26
37
2
36
32
3
54
50
18
58
30
52
4
40
5
46
40
42
1
2
63
28
7
20
42
7
36
8
4
64
40
64
33
9
1
10
30
50
4
53
42
47
12
44
52
50
13
58
1
36
14
44
64
42
15
50
53
29
58
16
56
43
58
47
1
6
39
12
18
19
13
5
3
56
5
34
7
54
21
64
15
58
1
9
6
55
23
54
44
13
53
5
8
25
0
62
26
60
14
62
3
47
28
64
4
20
29
10
9
7
57
3
30
61
0
56
51
64
25
32
26
33
55
14
1
27
34
9
2
29
55
54
64
62
36
37
12
18
30
17
17
11
31
57
61
19
10
60
41
59
41
62
8
34
42
64
17
41
0
30
26
19
3
31
45
7
10
24
18
63
26
39
27
40
15
42
41
3
34
50
15
7
7
36
33
7
36
26
33
50
40
7
33
0
1
10
30
13
2
22
56
46
42
13
27
10
48
58
28
7
8
60
63
42
57
29
40
29
61
16
63
57
6
59
55
6
39
34
59
56
49
63
3
58
63
63
60
64
7
64
15
58
53
46
55
42
43
63
44
23
61
5
26
7
62
19
55
60
64
62
33
64
28
64
33
20
17
64
55
62
10
53
16
64
19
62
62
64
55
54
9
33
55
19
1
27
35
45
64
5
55
30
64
3
27
36
15
21
30
17
17
2
