20
13
62
33
35
47
47
17
59
46
35
58
0
1
1
28
1
62
2
57
64
2
28
63
3
28
26
26
4
0
44
41
62
31
47
5
16
2
6
55
48
7
4
1
32
36
43
8
20
9
37
36
1
40
10
44
6
31
42
31
52
24
42
49
13
25
57
52
53
14
10
26
64
5
56
2
41
42
6
61
49
49
17
18
62
31
9
39
5
13
2
44
8
41
9
43
21
56
3
35
44
64
59
23
56
64
9
54
5
25
56
52
14
16
38
20
12
61
27
9
54
20
49
7
17
29
56
17
58
1
54
43
59
60
44
57
9
26
32
59
60
25
2
8
57
55
35
47
23
36
2
58
37
19
20
37
20
0
50
64
20
52
3
33
35
29
0
41
15
5
21
0
14
1
27
28
30
9
44
15
64
2
28
63
30
14
9
25
4
15
2
41
62
63
47
62
20
17
47
23
46
24
32
19
15
51
38
5
20
17
37
53
47
49
11
5
43
24
25
31
59
47
58
49
12
17
40
27
63
62
57
31
64
57
29
58
59
54
6
63
61
63
55
49
64
54
64
60
62
55
64
59
39
63
55
63
23
56
3
45
43
64
59
61
56
64
57
0
64
25
56
40
14
61
38
63
25
59
27
55
41
20
41
62
29
12
33
41
58
63
54
31
31
60
56
26
7
54
32
43
60
41
2
35
10
63
35
15
17
36
2
38
17
19
15
37
20
31
57
64
