16
40
26
34
57
20
63
8
29
9
37
11
26
1
10
1
47
59
2
57
2
56
33
3
13
53
20
48
40
4
54
50
5
32
48
38
54
6
32
33
5
37
7
19
55
29
1
27
61
21
27
49
10
57
51
39
24
11
1
0
55
1
26
13
55
25
62
46
58
40
28
15
31
64
12
16
63
16
15
17
57
46
17
40
31
55
63
19
43
14
20
43
52
40
34
56
21
52
54
8
10
2
36
23
62
63
36
16
3
48
25
18
50
2
38
17
26
44
40
16
25
28
17
14
8
41
59
18
57
52
47
8
31
53
13
44
30
24
9
19
34
9
9
20
19
35
48
47
22
26
36
4
37
49
22
38
61
38
14
52
16
25
59
23
7
17
9
52
41
39
54
13
2
1
19
9
60
63
61
60
16
56
4
1
8
46
20
36
59
60
58
26
46
24
3
37
3
37
3
60
43
45
36
37
45
40
9
64
13
23
7
34
45
30
53
1
12
28
1
23
35
42
55
12
0
21
32
60
13
2
61
63
61
32
62
39
64
5
63
63
61
49
14
31
31
63
54
18
64
50
63
60
52
63
9
7
63
15
62
36
61
63
4
60
63
63
11
63
54
14
62
63
49
56
63
17
23
64
40
34
15
20
17
7
43
45
59
62
39
55
3
25
50
1
13
6
39
41
17
63
38
8
18
53
64
11
4
47
27
26
60
49
33
54
3
26
43
52
61
52
