0
23
30
0
34
11
12
38
24
0
18
0
25
38
1
28
2
2
31
2
12
24
4
4
12
4
33
23
22
4
26
0
6
6
4
6
27
2
28
27
37
35
4
36
2
9
34
35
7
9
35
38
29
3
1
31
33
30
10
10
36
4
6
39
30
7
38
8
40
7
35
30
8
35
35
39
7
30
36
13
10
11
37
4
12
36
18
30
38
10
15
4
8
36
32
12
34
36
17
40
19
23
38
14
34
11
36
22
24
0
18
0
10
27
22
18
21
24
4
2
15
24
29
24
39
4
22
30
10
21
3
32
6
9
27
6
27
1
28
15
7
35
24
36
2
27
39
37
37
39
26
38
26
23
40
7
24
26
10
31
36
38
6
40
34
32
17
8
39
5
37
39
33
35
39
26
11
39
10
36
3
39
15
4
39
40
40
40
30
40
15
40
8
40
17
18
39
40
17
40
