21
22
23
20
20
17
17
20
37
9
38
29
25
24
27
1
27
2
38
34
31
12
28
4
12
12
4
25
25
28
0
4
2
6
39
31
2
30
4
39
40
30
2
24
4
29
7
9
40
0
35
20
5
33
29
27
29
32
34
0
40
35
1
35
0
32
5
39
8
1
30
38
40
34
30
3
5
34
39
30
32
28
1
3
36
34
32
30
18
4
1
30
2
16
8
32
37
6
34
36
21
16
23
8
34
10
9
25
40
39
38
36
25
2
27
8
14
8
38
20
21
27
23
29
26
22
39
24
25
29
0
14
19
6
17
4
8
30
5
17
3
21
2
24
13
37
38
2
40
34
21
11
2
39
37
23
39
25
36
0
27
39
37
27
39
8
5
39
17
39
26
38
40
3
40
25
40
12
39
30
32
39
16
36
36
35
5
39
15
4
39
14
2
19
19
40
23
6
34
40
