6
10
12
11
34
12
22
30
20
13
39
32
38
22
1
0
25
36
2
20
27
23
29
4
34
36
25
4
0
1
0
31
6
2
4
6
17
34
22
28
4
2
28
7
0
9
22
9
9
9
4
5
35
1
5
4
29
3
32
5
4
0
2
32
6
34
30
3
39
35
34
6
40
34
30
6
36
28
1
13
34
28
30
6
13
18
32
13
10
30
6
30
38
10
1
6
32
36
34
17
15
10
12
11
34
21
22
25
20
14
36
38
22
27
12
0
27
1
2
22
27
2
20
29
1
6
39
29
20
22
0
15
6
4
4
31
13
6
20
16
17
32
24
24
12
28
40
9
39
22
40
40
13
40
40
37
5
23
40
3
23
40
2
24
40
29
40
27
39
16
34
10
39
34
30
6
36
8
38
40
17
38
30
7
40
18
7
13
21
9
40
6
38
10
1
10
21
38
40
11
