34
28
9
23
34
26
25
25
33
37
31
40
19
27
1
24
29
2
21
14
23
12
4
4
34
4
22
30
39
2
23
31
6
4
6
26
17
27
2
27
7
32
31
32
9
26
4
36
9
39
7
32
3
38
39
38
1
2
1
38
10
35
5
34
4
32
40
9
9
34
32
3
39
32
0
30
13
3
30
37
39
9
28
30
18
32
9
39
30
34
9
36
3
32
10
2
32
32
32
16
9
40
34
23
34
11
25
25
5
12
25
36
24
18
4
24
40
25
18
15
27
2
29
13
14
39
6
18
39
2
15
29
16
4
18
26
6
27
9
12
22
10
6
8
1
27
39
21
16
39
7
40
40
37
21
40
10
14
11
9
10
39
4
0
12
23
40
40
39
27
40
3
39
12
7
39
27
7
40
38
40
30
21
28
39
7
9
39
25
11
39
29
39
32
40
2
32
9
40
38
