20
36
30
31
23
11
17
14
17
18
25
22
20
29
37
1
2
0
2
14
24
22
12
4
14
4
4
4
38
32
4
0
6
6
6
30
4
24
2
22
7
39
27
9
9
20
7
9
20
29
0
20
5
29
7
35
33
3
3
39
10
38
40
37
31
36
31
8
4
2
35
3
2
37
5
2
2
10
7
28
9
34
38
32
10
18
30
10
10
7
32
30
39
4
38
6
34
32
17
6
39
36
34
3
38
34
22
38
13
21
25
22
21
5
27
0
7
0
22
26
4
22
12
18
14
39
15
30
17
20
4
22
6
32
12
20
24
24
35
22
10
19
18
13
9
39
7
38
20
40
29
29
25
38
22
40
2
7
5
39
18
0
39
27
39
39
31
39
4
2
39
37
2
37
39
4
2
27
7
33
39
13
38
32
38
18
24
10
39
7
17
13
38
8
39
6
34
32
39
6
