16
34
35
40
17
34
26
24
0
38
32
14
25
18
1
38
20
2
38
18
14
22
12
4
14
23
4
0
21
24
4
33
19
6
40
2
19
17
33
23
32
7
4
22
29
9
34
23
3
35
9
3
35
20
35
36
9
36
5
37
38
10
29
29
34
39
39
39
37
32
39
3
6
4
8
37
10
40
1
5
30
28
7
32
39
30
34
10
36
2
30
38
32
0
15
40
32
17
32
16
16
34
21
4
19
34
1
20
25
22
38
36
25
11
1
38
25
27
38
25
2
22
29
7
27
13
39
7
39
24
2
13
28
1
24
30
18
9
24
18
18
3
33
22
18
15
4
39
3
35
39
37
40
39
18
37
39
15
5
21
38
39
8
29
27
39
39
39
40
14
39
7
6
16
39
15
37
37
39
5
39
39
16
26
39
35
17
10
6
39
6
9
40
6
40
34
24
5
40
26
