20
20
34
27
34
0
20
23
25
14
21
16
21
39
1
0
2
24
21
25
2
19
12
4
28
35
30
4
37
23
39
39
6
37
6
33
6
25
4
35
0
7
35
0
4
9
3
32
39
39
9
20
5
39
39
27
35
35
36
40
38
5
1
34
38
31
30
6
2
3
3
35
30
40
11
13
35
13
13
30
10
28
32
28
28
35
30
35
4
0
30
32
39
38
37
36
37
39
32
35
34
35
34
21
34
0
34
23
25
11
20
22
13
36
1
6
10
24
27
26
2
22
6
12
28
39
17
8
39
23
40
39
7
5
6
33
6
21
16
3
10
29
21
4
11
30
29
39
27
39
39
40
5
39
9
27
39
22
2
40
8
39
33
34
39
25
25
6
40
40
3
35
39
40
11
39
38
11
13
39
0
38
40
40
28
39
38
21
39
25
39
9
39
38
40
27
37
39
2
6
