39
14
14
36
36
12
19
34
17
25
33
19
0
27
1
36
27
2
21
19
27
29
39
4
12
25
4
19
32
31
33
3
31
6
4
25
0
3
22
34
17
4
3
27
7
9
30
39
37
36
9
4
5
2
20
20
27
1
6
6
34
36
40
8
40
5
3
40
36
8
40
7
32
8
5
30
6
32
30
7
11
40
30
28
32
30
37
38
38
5
30
4
1
5
32
16
4
10
32
40
39
9
21
39
36
40
13
34
4
25
21
11
18
36
1
20
12
6
22
3
7
29
24
26
11
13
15
16
14
39
9
3
31
6
14
7
20
10
32
0
0
3
24
0
7
7
35
40
37
39
37
37
5
39
6
5
40
38
40
6
40
22
40
18
40
5
11
40
7
8
39
7
22
39
13
10
6
39
7
7
13
25
24
39
20
8
37
39
38
5
39
37
1
5
32
40
38
10
2
40
