31
31
15
18
25
23
34
19
18
29
17
37
34
1
27
1
40
20
2
23
0
1
4
4
12
4
1
33
33
31
39
4
6
6
24
30
6
17
4
33
7
33
31
9
9
4
28
9
20
27
36
20
32
31
30
30
7
32
31
38
10
2
4
33
38
34
6
8
38
8
36
2
39
32
30
36
36
30
11
32
28
30
35
37
35
18
30
34
4
30
36
30
39
3
40
6
4
32
15
34
37
1
11
23
6
23
34
20
13
12
36
25
22
38
27
13
24
20
17
4
0
17
22
4
39
29
24
13
39
7
39
24
6
6
24
30
6
11
8
5
7
9
0
5
5
4
39
39
20
4
39
9
18
37
39
26
7
39
6
38
12
40
1
8
27
38
40
11
13
8
4
34
39
11
36
36
27
6
37
11
39
35
6
37
35
40
40
18
39
26
7
30
39
13
18
4
4
37
40
34
