16
7
31
33
22
28
40
39
25
36
18
39
22
28
27
1
2
29
2
18
34
28
39
4
0
27
24
32
4
36
29
38
22
6
23
4
24
17
33
37
4
33
2
30
38
2
29
9
24
40
3
29
29
2
20
5
29
32
5
30
36
37
32
0
23
39
25
25
8
38
32
35
5
2
30
0
13
2
5
4
32
28
40
30
32
34
30
1
38
32
39
30
8
17
14
32
2
39
38
0
16
0
23
9
22
20
34
17
25
36
0
24
22
12
27
9
2
8
14
12
29
24
28
8
0
18
39
30
5
24
19
22
9
6
4
4
24
15
23
0
35
14
2
1
3
2
11
38
13
40
3
8
38
40
2
5
4
14
39
21
16
10
32
0
23
39
18
35
37
38
39
6
5
29
40
25
18
40
5
18
40
7
16
38
39
39
39
38
38
32
39
28
10
28
14
39
2
7
3
28
