39
28
8
8
34
9
12
14
17
25
23
19
38
21
0
18
2
20
2
19
27
27
4
33
2
4
33
39
28
29
3
22
4
6
27
4
39
1
4
33
3
0
28
31
7
9
2
29
20
37
35
9
39
40
0
27
7
0
5
39
36
2
2
2
0
37
40
8
2
6
1
8
34
34
34
30
36
37
28
37
28
40
39
32
18
6
40
36
30
32
39
12
38
5
32
32
36
16
11
21
39
20
34
23
34
0
17
36
6
19
20
22
38
25
0
27
2
18
18
22
27
20
26
11
39
4
39
0
28
2
31
22
0
6
15
21
21
0
13
33
3
14
22
17
11
39
2
40
39
37
24
25
39
38
27
13
3
15
40
2
4
39
2
2
39
39
40
0
39
19
31
39
34
34
39
16
36
40
13
10
37
5
40
20
26
6
40
38
30
40
39
25
0
40
32
3
39
32
39
39
