14
16
9
34
21
20
15
14
30
35
27
9
27
40
1
25
32
2
30
38
25
34
1
4
39
4
1
4
20
29
30
39
4
6
24
32
3
33
17
35
22
4
25
40
26
7
9
3
40
20
28
5
27
20
39
37
34
5
38
37
32
2
37
38
37
2
1
0
39
32
38
38
3
2
40
7
6
30
34
13
6
2
32
28
9
39
9
38
30
32
39
6
30
34
16
36
16
32
40
7
14
16
9
34
21
7
23
34
25
17
16
9
3
36
4
25
38
2
12
22
24
6
27
21
29
4
39
24
12
39
24
39
4
11
24
16
8
23
17
1
22
4
20
20
20
7
9
3
39
9
39
38
40
0
39
37
39
5
19
39
4
2
39
18
37
39
12
27
39
1
39
40
33
39
21
7
35
39
9
27
36
2
39
8
9
35
9
39
17
36
39
6
37
3
40
15
21
16
40
13
