9
12
34
17
22
40
33
15
17
14
39
17
23
28
1
22
37
25
21
29
25
0
4
12
3
4
22
3
3
38
32
22
22
4
6
0
26
35
26
26
38
34
4
4
9
38
2
20
9
5
34
37
30
5
37
31
32
30
31
35
5
39
4
2
37
39
40
32
30
9
37
40
10
11
40
10
32
5
8
10
34
30
11
3
11
18
30
13
32
30
37
16
34
5
36
5
15
32
3
7
18
23
34
23
34
37
23
15
20
36
39
25
8
13
1
22
38
25
11
3
39
24
29
22
15
4
39
3
22
10
14
22
28
4
31
24
9
0
17
4
7
19
32
16
33
14
39
40
39
5
19
38
39
5
37
9
18
37
39
13
39
2
40
31
37
39
37
32
12
39
5
30
40
11
40
35
9
38
35
40
38
11
20
39
39
18
40
13
39
17
33
40
38
5
8
5
40
32
38
39
