11
36
34
25
34
24
19
13
24
22
16
32
18
16
18
1
2
25
31
2
24
12
32
27
4
0
32
36
37
1
27
33
2
6
4
23
23
26
37
34
2
4
4
7
39
9
34
20
5
2
37
5
9
2
39
31
7
3
10
5
39
35
0
3
32
36
40
0
32
6
1
35
7
37
32
30
37
38
30
37
10
30
32
38
30
13
18
40
32
30
15
14
38
11
32
16
4
13
39
15
11
34
34
5
34
23
1
36
0
22
11
38
22
27
2
23
11
25
9
2
12
12
29
27
39
0
29
21
2
23
25
29
2
12
10
21
17
27
22
8
25
4
4
6
39
17
38
37
40
2
6
26
28
24
39
23
39
3
39
36
39
10
20
39
33
2
40
0
40
0
1
39
11
1
3
1
39
38
30
37
10
39
26
39
13
13
18
40
13
38
4
14
12
11
32
16
4
40
38
4
