18
20
34
27
20
18
23
30
21
35
29
15
37
22
20
1
2
38
2
20
22
21
19
4
29
4
34
4
35
4
32
24
6
22
6
4
31
24
2
37
4
1
39
7
9
4
2
9
31
20
37
5
31
33
33
5
32
34
2
40
10
38
7
39
0
40
32
30
7
39
35
32
34
39
39
39
10
30
11
7
32
10
9
30
39
30
18
30
34
39
30
38
11
36
1
34
32
40
14
15
18
23
34
23
20
18
23
6
2
1
36
15
19
23
20
27
2
23
2
10
14
24
11
2
29
3
39
4
6
21
16
24
11
14
6
4
30
24
10
1
33
17
10
7
24
4
39
11
40
37
40
10
37
40
37
8
40
40
25
40
10
9
39
7
0
40
39
12
11
39
27
32
0
39
39
10
40
28
11
13
40
10
35
37
40
30
40
0
40
18
30
39
11
33
39
23
39
4
40
15
