11
14
28
22
34
12
13
39
30
25
36
25
15
36
21
1
2
40
16
38
29
2
4
12
4
18
34
4
34
30
4
4
34
6
4
17
4
23
32
25
32
4
39
36
9
7
9
3
40
9
29
5
20
25
39
39
40
35
37
10
34
35
37
40
4
38
36
3
4
32
37
2
33
36
33
39
1
11
8
2
37
30
11
32
18
30
11
10
30
16
16
30
40
32
16
12
40
32
36
21
11
14
23
3
34
22
13
40
36
25
22
15
15
36
3
23
2
25
20
38
29
10
29
12
21
18
29
39
13
15
25
4
9
23
4
26
27
1
29
23
0
28
1
26
15
25
39
40
40
22
40
37
20
25
18
39
18
35
37
24
34
39
37
25
38
38
36
23
39
20
29
38
9
1
29
39
1
28
39
8
2
40
30
32
18
30
31
39
9
16
16
9
39
32
20
12
40
32
39
40
