39
9
21
21
38
18
25
22
12
13
25
36
19
21
35
23
2
1
30
2
25
28
12
26
4
29
34
23
36
4
34
1
1
4
6
4
23
23
2
0
4
36
22
22
9
25
26
38
9
5
39
26
37
36
2
27
1
5
40
27
4
39
5
0
4
5
8
5
5
30
4
1
39
8
1
38
10
11
30
40
28
9
32
37
0
16
32
30
15
40
32
34
14
4
1
32
3
15
38
8
12
7
34
20
23
36
25
22
10
1
25
36
23
12
12
23
27
27
24
2
13
29
9
26
39
29
11
14
28
24
6
1
31
4
11
4
1
20
2
32
4
5
22
22
20
35
39
5
36
39
20
38
40
36
10
29
38
1
40
27
4
0
8
40
4
32
40
27
13
39
4
0
39
30
1
26
4
11
30
39
23
9
32
37
39
16
36
39
15
32
38
40
3
4
38
40
11
3
37
39
