18
38
19
28
36
34
17
25
18
19
36
25
0
11
1
23
27
25
26
27
3
2
4
4
39
4
22
4
40
4
1
32
6
22
6
17
2
25
25
32
23
26
31
7
9
35
30
27
9
2
20
30
35
39
1
7
5
39
23
36
40
36
3
33
4
34
6
36
40
32
33
37
7
39
11
5
5
28
13
30
28
5
32
28
34
18
8
2
1
36
13
16
35
34
32
15
12
32
40
11
18
36
34
8
36
34
36
25
14
12
36
25
15
11
19
21
14
25
6
27
21
2
4
29
39
17
27
11
20
15
21
23
6
1
31
17
22
24
17
13
6
26
7
7
17
21
21
39
37
40
40
15
40
37
35
39
5
39
23
39
23
36
23
39
38
40
6
36
39
4
39
37
39
39
11
5
39
37
13
39
28
33
32
28
16
4
39
12
32
13
4
6
39
22
33
40
39
40
40
39
