16
20
11
21
18
16
34
14
28
40
18
25
31
1
1
1
2
22
2
29
29
12
29
4
24
4
36
4
1
24
4
29
6
6
31
6
24
17
4
30
34
24
31
7
9
0
40
9
37
27
5
20
28
29
0
34
3
30
10
35
4
1
31
31
31
37
8
34
39
30
4
32
3
4
11
4
3
39
10
38
1
30
39
28
18
1
32
7
6
30
36
34
30
6
38
39
32
19
20
32
7
21
6
21
18
19
34
22
25
4
9
24
25
36
39
1
3
40
2
14
16
12
29
19
24
4
17
39
20
24
4
31
17
14
0
6
14
17
26
16
18
26
0
7
16
34
19
40
37
39
5
39
37
39
20
20
39
29
38
40
39
25
39
5
26
39
11
34
39
32
4
39
3
39
34
27
3
39
34
25
23
38
39
16
18
40
21
7
39
37
16
39
5
6
7
39
36
39
40
18
