19
34
36
15
21
34
34
9
36
17
34
12
39
36
36
1
2
38
2
37
25
23
32
4
23
4
4
32
4
20
37
36
20
6
28
2
34
17
4
24
32
31
31
2
35
7
9
0
27
1
30
38
40
32
5
36
35
1
31
33
36
32
35
4
39
37
39
37
0
4
37
40
40
30
36
32
0
1
13
5
34
39
30
2
32
5
30
18
34
30
40
30
36
3
6
32
34
10
40
9
19
34
20
23
14
34
7
9
36
17
8
20
39
36
22
7
14
38
21
23
6
1
29
25
12
3
8
39
3
20
5
10
29
31
14
2
22
22
4
6
25
23
5
2
0
16
39
40
39
39
19
39
21
20
39
37
39
39
25
40
3
40
29
33
39
4
39
39
0
39
25
39
35
35
39
32
0
1
39
32
35
39
5
11
35
39
38
38
34
40
40
30
0
0
39
32
34
10
40
9
