14
19
11
11
21
39
34
31
34
18
0
17
9
24
1
25
24
24
2
16
29
1
12
4
27
4
34
37
4
35
26
21
4
6
36
2
3
4
26
24
33
4
26
24
9
7
20
31
28
9
20
31
28
5
25
2
0
30
36
3
2
1
5
5
37
1
8
3
32
0
38
38
34
38
40
30
9
9
9
32
30
34
38
28
18
30
7
1
38
30
32
30
30
8
34
6
10
39
15
32
35
23
34
14
19
20
34
25
8
25
0
22
9
4
36
25
20
24
25
39
12
19
29
27
22
26
29
22
39
21
29
8
15
3
21
7
9
8
26
23
24
8
26
25
16
7
20
40
28
39
37
25
40
40
25
2
39
12
36
39
29
39
9
5
40
9
39
22
32
39
14
9
39
10
40
29
9
40
33
32
30
40
38
37
39
40
40
40
38
30
39
38
4
39
21
6
34
39
15
34
