8
10
40
33
34
32
17
18
20
30
14
24
22
1
22
1
29
2
19
12
39
1
12
4
14
14
4
35
21
3
2
4
33
6
30
17
4
27
28
7
0
7
4
27
9
26
0
37
9
27
5
29
38
29
34
31
2
39
35
33
34
10
37
4
30
39
1
32
37
8
8
40
40
35
10
9
40
30
32
39
40
35
0
40
18
30
3
39
32
30
10
34
36
8
38
17
32
3
0
39
0
10
23
34
22
34
21
7
20
22
9
24
22
27
22
26
18
7
22
22
15
29
10
4
39
4
20
11
13
17
2
4
20
17
16
17
14
12
28
13
0
7
2
35
16
37
38
7
40
1
37
7
24
7
39
32
32
39
14
40
6
10
39
24
3
16
1
39
12
8
40
40
40
12
39
9
23
39
37
26
40
30
25
38
40
6
3
40
39
24
40
34
37
32
40
17
32
40
0
39
