16
9
20
36
13
11
18
15
25
18
14
38
23
36
27
1
28
23
2
22
29
27
4
4
12
4
19
23
31
2
32
34
2
4
6
36
33
2
34
29
32
4
40
9
26
9
24
9
35
30
7
20
7
34
20
1
35
30
10
39
6
2
4
8
6
7
34
34
35
30
35
35
6
36
3
30
1
30
5
36
30
32
30
28
30
34
18
4
40
30
32
5
36
30
2
38
1
1
4
11
16
10
5
36
34
7
9
25
23
15
25
38
23
36
15
27
11
23
2
14
21
26
0
13
10
4
19
14
39
27
3
21
14
4
29
30
12
25
3
33
4
31
0
26
25
7
10
24
40
25
39
20
6
39
13
6
37
39
35
39
6
40
1
9
6
40
11
34
39
35
11
39
8
36
3
39
1
40
39
38
0
40
11
39
18
18
39
39
40
9
20
33
7
3
38
40
15
37
4
11
