34
15
17
10
36
36
34
12
38
17
36
25
34
36
33
1
2
21
2
34
25
30
12
4
12
34
4
25
39
39
4
1
6
1
0
17
6
34
1
36
2
4
1
34
9
7
9
2
9
37
20
9
7
1
27
39
40
33
2
32
2
10
36
6
6
8
32
38
36
39
34
30
39
5
39
32
30
34
0
2
38
28
38
30
8
34
40
8
30
14
32
30
16
8
34
6
1
32
39
7
38
35
23
11
34
36
34
25
38
25
36
25
9
36
38
19
24
27
38
21
25
14
21
29
27
17
39
2
39
39
4
25
18
21
0
14
27
10
1
22
24
19
1
26
9
14
40
4
39
37
6
39
37
30
39
31
39
35
37
39
6
1
38
39
7
7
37
39
36
39
9
39
3
39
39
20
39
38
39
24
6
40
38
30
40
30
40
13
39
14
32
39
36
6
31
19
9
40
9
7
