29
19
36
38
35
37
19
9
36
20
18
0
33
1
14
19
1
2
33
28
26
27
12
4
1
25
4
1
23
29
37
32
4
6
38
28
3
4
24
30
26
24
4
9
25
9
7
20
20
9
40
20
5
1
1
2
31
2
30
27
29
6
23
29
1
36
38
38
4
5
39
2
4
30
1
5
11
7
37
33
32
38
13
37
30
32
8
30
15
35
30
14
16
6
20
32
5
40
40
34
17
2
39
38
23
34
23
13
36
20
39
25
25
36
14
22
24
9
15
5
26
17
28
7
1
21
21
39
31
12
5
18
12
1
3
1
8
9
23
34
2
35
4
9
37
5
39
39
6
40
38
40
39
1
40
2
18
40
25
27
39
6
40
29
4
12
40
27
4
5
40
5
6
3
39
38
8
40
40
36
32
33
39
25
38
38
8
0
17
39
35
15
16
32
38
40
5
40
40
34
