19
34
23
28
32
34
19
18
21
30
38
22
40
25
0
36
1
2
26
32
29
12
4
12
4
39
4
1
29
25
34
38
6
4
6
2
17
33
17
40
29
30
31
9
1
9
7
2
40
9
29
39
33
20
2
7
29
3
40
34
10
31
0
30
34
8
37
8
7
30
1
8
3
5
11
0
32
38
36
30
11
32
38
37
2
32
18
30
32
40
34
30
36
7
3
32
40
3
34
4
6
34
23
20
23
34
18
14
39
38
22
36
40
25
22
25
27
22
11
19
0
12
23
29
22
22
39
1
29
25
3
31
6
29
31
8
17
8
28
5
29
2
14
9
25
1
11
39
3
39
21
40
10
39
37
7
39
27
35
40
25
14
40
5
4
8
39
28
7
1
27
39
12
5
0
39
32
7
34
8
39
27
23
37
2
39
18
30
15
40
33
40
36
40
3
11
40
40
39
4
