31
18
21
34
23
39
34
12
30
13
25
34
36
27
1
24
25
27
34
2
26
29
12
4
12
1
4
19
23
31
21
30
6
2
4
6
17
23
17
1
4
2
36
22
9
22
32
35
9
40
40
5
20
39
37
3
27
34
39
40
36
39
34
35
30
1
35
8
2
36
6
31
34
1
38
30
5
7
32
39
39
6
40
10
32
34
30
4
1
8
30
38
32
34
15
36
39
32
38
37
34
37
23
34
23
23
34
9
3
13
25
38
36
27
40
21
25
27
21
38
21
29
18
25
39
5
22
39
23
39
12
15
27
24
31
21
21
4
16
7
22
10
6
6
1
5
17
39
40
39
6
39
20
39
37
39
19
40
40
15
2
39
34
10
5
39
1
38
39
36
6
40
4
1
39
37
39
1
39
39
39
40
40
10
32
39
30
39
1
40
13
10
39
29
4
36
39
20
26
10
