23
39
28
24
24
36
38
16
25
27
12
38
34
27
38
38
2
1
2
40
29
27
4
4
27
4
20
39
0
26
36
4
40
6
29
31
2
37
17
17
22
7
36
1
24
37
2
9
7
5
25
20
7
3
31
37
29
39
4
39
4
4
34
34
36
36
39
32
40
40
39
40
30
39
5
11
4
33
30
36
10
32
30
15
40
15
1
13
30
32
1
30
40
16
1
7
32
32
7
4
8
3
7
23
34
23
38
4
25
36
3
38
0
27
8
39
20
22
25
27
29
29
27
25
39
29
1
29
9
26
22
28
5
2
30
5
33
20
32
1
17
35
18
17
1
37
2
38
2
40
3
17
16
38
21
8
39
39
4
40
4
4
39
9
17
10
40
6
31
40
39
40
39
39
29
38
39
37
14
36
5
39
2
15
40
5
7
40
30
32
32
35
40
15
32
7
40
32
7
12
