10
12
20
39
10
0
25
9
31
28
25
14
24
1
27
22
2
24
2
20
1
29
18
29
4
14
23
39
2
3
3
4
2
6
1
3
25
4
3
25
4
3
0
36
2
7
9
0
36
5
37
20
29
38
40
36
36
3
6
10
1
6
5
7
10
34
35
35
32
39
7
40
30
9
10
0
10
7
34
36
28
9
5
18
34
4
30
32
4
35
34
3
39
6
37
35
32
6
18
36
37
34
18
36
10
23
25
36
38
8
25
36
24
5
23
27
38
24
25
18
3
29
18
29
4
39
29
39
39
25
3
15
14
6
1
6
17
22
16
2
17
3
7
14
34
40
5
5
39
5
37
20
38
39
36
37
36
39
39
40
1
37
39
25
39
5
40
0
29
39
38
35
39
11
10
39
6
40
40
39
28
39
3
31
37
39
30
34
39
40
33
39
39
40
12
21
14
39
0
40
