37
32
37
9
36
11
17
35
13
36
9
14
36
27
1
16
21
19
2
28
17
29
22
31
4
34
39
28
30
32
22
24
6
2
6
37
4
22
24
24
23
24
31
7
31
4
9
27
40
2
20
30
30
38
3
40
7
5
4
36
7
7
4
29
36
30
39
39
2
38
35
6
32
36
30
34
8
9
1
32
28
4
30
38
37
32
18
11
35
30
2
38
5
34
32
16
9
32
40
0
5
10
37
9
34
8
39
25
19
39
22
14
36
27
9
24
27
18
27
4
21
29
22
9
24
8
39
28
39
21
31
17
30
2
15
4
3
22
4
8
13
11
0
34
11
22
40
39
9
39
20
37
39
1
3
39
37
5
40
3
27
39
39
23
19
6
39
10
14
17
39
20
27
36
39
4
8
23
40
40
12
37
39
1
27
32
39
11
39
15
2
15
5
39
32
11
39
38
40
0
