28
34
11
34
29
0
29
29
0
20
36
27
27
0
1
20
35
2
29
27
20
12
17
20
4
32
21
39
39
24
0
4
22
6
0
38
28
17
22
4
36
28
0
9
33
9
20
7
9
4
5
3
2
38
31
39
39
5
10
37
10
29
40
40
32
5
39
36
3
39
1
39
39
38
6
34
30
11
32
30
3
28
39
36
36
30
11
18
36
1
30
4
11
32
39
4
34
32
32
38
36
5
11
34
21
15
4
25
0
25
36
36
25
21
14
20
38
22
18
27
4
12
29
26
24
39
22
39
2
8
9
16
22
17
0
31
0
15
15
24
17
17
20
24
33
40
20
40
9
40
5
17
39
38
38
39
39
12
22
40
4
5
40
29
9
13
39
1
3
39
7
39
39
7
6
40
13
38
23
40
3
29
0
39
36
39
36
39
7
1
39
4
1
24
39
1
34
19
11
0
