34
27
22
40
21
11
34
27
34
18
39
14
21
0
1
30
2
2
27
2
27
19
4
24
4
12
39
31
4
15
15
1
4
34
6
4
26
39
2
17
26
0
4
28
9
3
3
9
2
3
2
34
40
36
20
37
36
10
39
32
5
34
7
5
35
37
35
8
32
38
0
4
0
30
39
40
39
30
32
34
11
10
30
28
2
0
40
34
9
30
3
14
37
30
34
16
32
39
11
9
34
36
10
9
34
23
34
25
34
2
22
22
25
36
27
27
4
38
27
2
25
8
27
17
22
2
39
27
16
39
5
1
25
25
26
18
6
22
19
2
2
29
26
28
23
22
3
9
40
40
37
40
25
36
39
37
36
22
39
24
9
34
39
5
37
39
35
39
3
40
18
40
1
25
39
40
18
39
17
38
39
10
27
39
39
15
40
26
29
39
5
15
39
30
19
16
32
39
11
9
