16
0
34
36
23
40
9
21
18
36
33
34
25
1
22
30
29
28
2
27
29
20
1
4
4
4
25
33
4
36
36
26
29
6
17
2
0
37
33
27
4
0
7
0
9
28
34
9
29
32
3
20
36
20
38
37
27
10
36
0
5
30
28
37
30
28
2
39
37
37
3
34
30
5
4
36
4
11
4
30
2
32
18
18
18
32
34
40
30
6
30
32
32
34
32
40
32
8
0
38
15
10
3
34
23
40
12
5
18
36
16
20
25
10
9
25
27
18
21
7
29
20
15
29
39
27
25
29
4
10
26
26
29
27
19
29
0
9
2
29
19
29
29
0
12
27
25
38
29
40
37
20
28
25
12
39
27
39
37
26
5
39
7
37
2
39
16
39
39
37
3
2
39
5
4
15
4
39
13
30
39
29
40
40
16
39
7
40
39
6
39
10
19
39
8
40
29
40
14
0
