21
22
15
39
23
34
25
39
23
25
25
22
35
40
1
25
2
27
2
32
20
32
12
4
12
26
4
26
0
30
4
33
31
6
4
17
36
38
36
24
32
7
4
33
9
36
1
9
29
7
20
29
4
20
40
27
7
39
29
36
33
4
10
35
40
4
3
34
0
36
37
32
10
7
5
30
5
13
30
30
28
30
34
28
39
18
40
0
1
30
32
32
18
0
32
17
36
32
34
19
7
22
23
23
23
34
25
8
23
25
23
36
38
24
1
11
14
27
2
11
27
3
16
29
6
24
39
15
7
22
4
7
31
4
4
17
17
1
10
22
33
28
28
4
28
22
0
38
40
2
37
38
37
40
5
2
39
39
3
39
20
21
39
37
40
8
39
29
39
7
40
31
40
39
32
39
37
31
21
39
28
30
34
3
39
36
0
0
27
39
36
35
39
7
40
17
39
8
39
30
