6
18
40
34
14
25
25
39
21
40
33
26
25
1
17
24
2
2
2
38
39
12
4
2
22
4
31
0
1
29
39
4
24
6
4
17
23
22
4
17
26
28
22
22
2
9
7
5
27
25
9
5
20
39
4
37
28
36
34
2
30
4
1
27
1
39
8
36
30
34
5
8
1
5
34
5
13
12
7
11
13
28
13
40
4
39
18
30
39
3
39
30
6
32
0
34
38
15
11
40
8
17
40
34
38
8
34
25
14
40
20
10
9
1
6
22
24
27
26
27
8
12
15
15
28
2
39
22
39
30
31
18
8
13
26
32
10
25
28
5
7
20
22
19
2
9
21
38
40
25
38
18
40
3
4
37
23
39
26
21
4
39
1
37
39
39
40
36
21
39
2
8
38
39
22
5
8
9
39
11
36
30
39
25
4
39
37
39
6
3
39
30
10
9
36
39
4
15
11
40
