39
32
12
15
39
13
19
34
36
15
38
17
40
1
22
32
27
2
24
22
1
12
4
34
38
39
4
29
0
23
39
3
34
34
24
6
4
24
30
3
3
24
25
4
24
9
34
27
39
5
39
20
28
20
20
27
1
7
10
39
32
4
40
4
0
0
5
37
6
1
39
38
5
30
3
2
11
40
2
8
30
28
37
1
34
32
39
18
8
30
6
15
39
30
0
38
2
32
34
8
15
23
7
23
39
7
23
34
36
1
38
36
9
20
9
36
27
22
24
10
39
18
9
39
5
39
39
29
24
14
39
24
9
10
24
19
19
20
8
20
3
20
17
4
12
16
15
40
39
5
6
39
37
20
39
20
39
7
39
37
17
39
10
29
39
27
24
40
15
23
39
13
39
9
28
30
39
23
2
4
27
39
37
33
37
10
40
18
2
40
0
15
39
40
4
39
39
32
34
39
