14
28
34
19
14
12
34
23
12
13
20
19
26
24
23
1
27
2
17
23
29
31
12
4
39
4
4
4
35
28
22
31
6
2
4
6
38
38
40
31
34
24
35
4
9
36
9
32
20
20
9
20
31
1
39
29
1
2
36
35
10
33
7
3
40
8
6
25
36
32
3
7
40
30
38
8
39
11
2
2
38
34
1
1
18
30
11
32
4
7
30
34
30
40
16
40
32
13
7
40
14
13
34
23
14
21
34
23
22
13
13
19
4
24
13
38
12
12
14
24
29
26
25
9
39
4
27
39
18
29
22
31
6
2
4
22
25
12
25
11
34
19
35
20
29
25
40
29
29
39
9
38
13
1
39
25
1
38
9
40
29
5
5
3
39
8
39
7
4
2
40
1
16
33
11
8
39
11
2
2
2
34
39
33
18
30
39
9
8
1
10
37
28
40
39
39
32
15
7
40
