38
23
11
39
11
39
16
38
40
25
17
15
31
25
0
26
2
1
22
2
26
12
29
4
29
4
31
25
4
28
27
21
2
6
32
4
38
0
32
2
26
36
28
7
9
34
9
9
32
9
20
34
30
40
31
27
1
37
37
5
30
32
10
40
34
2
8
34
34
39
7
36
9
9
9
2
30
38
6
36
32
10
34
30
40
18
7
39
39
30
39
30
34
38
32
5
34
15
10
34
38
23
11
34
11
39
23
38
13
8
36
1
20
25
23
27
11
1
22
0
25
11
29
26
29
39
16
25
29
28
22
20
26
20
30
19
8
0
15
2
23
18
19
7
4
8
9
9
38
40
27
24
3
37
26
39
3
15
39
5
30
4
14
39
10
2
8
39
21
40
39
36
39
39
9
39
30
17
23
39
2
36
11
38
40
18
15
39
39
2
39
14
34
39
32
31
0
39
7
34
