11
7
9
37
36
28
40
21
37
9
20
0
17
21
21
1
2
27
2
38
26
12
12
4
39
23
4
34
36
39
4
36
6
25
6
0
17
0
4
24
26
30
26
37
7
30
9
0
39
25
32
20
5
31
30
39
37
1
2
7
2
1
31
10
1
8
33
39
6
8
3
40
8
32
5
35
6
32
9
39
7
39
4
28
10
1
18
32
30
34
6
9
1
14
32
1
15
34
0
6
38
34
7
37
36
34
40
21
25
9
20
25
36
22
14
1
24
26
2
15
14
12
29
17
39
17
26
1
10
39
30
23
6
3
6
24
3
13
4
18
5
34
20
14
21
22
40
1
39
2
22
38
39
20
3
39
40
39
2
39
25
1
39
29
25
39
2
39
35
5
31
39
26
26
5
7
39
32
33
39
37
39
4
17
20
1
39
32
12
11
24
38
15
39
32
21
13
19
0
10
