32
32
18
21
0
34
11
20
38
32
15
22
36
1
35
1
2
35
2
26
0
22
4
4
12
4
29
25
27
2
23
4
29
6
39
27
2
27
30
4
35
24
36
28
29
9
39
27
36
32
9
20
20
2
20
30
32
4
5
2
10
38
3
38
8
4
31
4
1
6
0
30
39
8
10
30
39
11
33
30
13
11
1
30
32
6
30
6
30
40
4
30
4
34
3
32
17
18
20
32
17
34
18
21
23
34
8
20
18
2
19
22
36
21
27
17
23
21
25
18
0
29
4
24
25
2
29
39
27
6
17
4
15
18
29
24
16
2
2
8
31
23
12
7
24
5
8
39
38
37
40
20
20
2
39
20
37
39
10
8
36
39
16
39
3
39
12
40
1
40
0
27
40
8
39
30
39
26
39
28
22
13
39
30
32
6
39
6
2
40
4
30
3
39
3
32
38
18
40
31
