6
16
23
17
34
12
23
9
25
25
19
0
20
27
1
38
32
2
30
26
29
20
25
4
23
4
25
4
4
30
39
28
6
26
6
4
0
2
2
22
17
32
25
7
36
9
22
39
9
20
20
20
28
7
36
5
27
35
3
10
10
27
0
31
32
8
7
8
32
6
40
3
5
2
39
37
4
5
13
11
30
40
18
18
13
30
12
34
1
30
5
30
16
11
0
34
4
32
3
16
21
16
23
17
34
40
23
20
25
25
19
36
13
27
15
38
22
24
14
27
16
20
29
39
14
17
11
39
4
24
15
12
31
3
31
31
20
22
26
18
0
17
33
10
19
13
22
39
40
40
21
37
40
7
23
39
10
37
3
39
37
37
6
31
29
39
18
8
32
5
40
3
40
2
39
31
4
39
7
29
10
40
29
18
36
40
30
1
38
40
10
40
10
39
10
40
4
32
39
34
