11
21
38
34
11
23
13
18
21
22
16
0
35
26
1
16
20
20
2
29
31
12
30
4
21
4
32
4
29
4
21
30
26
6
2
17
25
34
27
27
4
37
7
37
9
2
20
9
32
37
32
25
30
39
37
33
33
2
39
10
39
1
35
34
37
4
8
7
36
7
8
0
6
36
1
7
40
30
6
34
28
32
30
37
37
18
11
30
39
3
34
5
14
36
38
32
40
34
7
3
34
21
22
34
11
23
25
18
25
22
36
0
18
9
18
40
20
23
25
15
17
29
26
2
26
39
19
27
29
4
22
20
6
20
2
23
25
1
27
27
4
13
7
25
27
11
39
16
39
37
39
24
39
27
37
40
39
13
39
10
39
39
37
40
35
40
25
18
33
39
6
10
33
39
9
39
24
9
6
39
6
39
20
39
37
39
10
4
39
37
40
5
40
36
11
38
40
13
38
3
