17
23
30
18
19
15
38
13
18
18
24
25
37
15
1
20
25
2
20
18
23
29
12
2
4
38
19
2
26
3
34
33
26
40
6
4
17
35
17
3
2
31
3
9
7
9
32
9
20
40
35
2
5
29
38
5
7
36
0
10
5
5
36
1
2
6
30
36
31
31
1
7
39
39
36
32
0
11
13
13
13
32
18
18
18
30
32
3
1
40
14
30
30
36
4
32
38
10
32
34
17
23
23
23
19
23
38
13
7
36
40
36
23
2
1
27
25
22
20
18
23
29
25
27
39
24
6
29
26
3
11
0
5
12
1
28
26
9
20
3
22
31
20
9
14
9
32
38
22
40
37
3
0
35
36
39
7
39
39
39
5
22
36
39
3
20
30
8
40
29
39
6
39
31
36
38
39
1
35
40
23
37
39
36
18
39
38
3
1
40
22
33
40
36
4
40
38
10
29
39
