34
15
39
14
18
0
17
27
22
24
23
38
20
29
1
27
22
2
20
12
21
26
25
4
20
4
26
34
34
4
31
22
31
6
3
3
33
4
24
25
7
40
33
26
9
4
36
34
9
20
33
36
7
5
2
29
29
29
38
10
34
36
2
35
34
30
4
8
39
2
31
32
30
1
38
36
9
11
30
0
4
32
34
1
37
18
39
32
0
30
5
6
36
34
8
32
2
34
5
4
17
15
39
23
34
19
20
8
22
7
36
38
18
27
24
27
22
38
39
20
19
39
29
22
39
28
12
39
22
24
20
12
31
31
4
18
11
4
22
0
8
9
15
2
2
4
9
39
6
8
39
36
38
16
40
9
29
29
38
40
9
9
39
6
39
21
39
34
39
10
39
26
26
39
36
36
9
39
28
28
40
34
40
12
40
40
39
39
35
37
39
4
39
12
2
39
2
39
40
39
