40
17
14
20
23
23
12
13
25
36
14
17
14
23
1
25
20
36
2
23
29
28
4
12
4
21
1
4
33
4
24
2
6
35
27
6
36
17
2
40
7
28
35
35
9
33
9
7
31
9
29
20
40
20
5
32
35
27
34
10
37
8
37
1
4
30
1
2
3
39
0
8
31
9
8
38
30
10
34
36
28
37
28
13
18
37
34
32
30
34
30
39
5
16
3
34
32
8
32
7
40
36
7
34
21
23
40
17
25
36
14
19
14
23
15
25
12
27
11
22
29
29
29
39
25
21
22
1
25
29
8
10
22
8
26
6
3
17
28
1
20
34
19
35
15
10
37
7
38
0
40
37
37
10
5
7
37
39
35
40
37
40
29
5
40
21
39
24
3
39
8
21
39
22
30
13
26
39
34
36
35
37
5
39
18
39
40
22
25
34
14
39
29
16
3
28
39
8
40
39
