15
26
17
34
34
34
27
30
38
36
36
40
20
24
1
21
2
37
2
0
27
12
14
33
4
12
23
39
19
19
31
4
27
6
20
33
2
4
22
35
33
3
24
31
25
9
4
20
1
36
9
36
3
7
5
3
39
2
0
31
33
10
34
4
37
38
40
40
35
6
32
3
30
7
2
35
35
11
30
35
28
11
38
32
6
34
39
30
0
2
8
6
34
4
5
2
32
40
32
21
15
36
17
34
34
23
36
12
12
12
36
36
20
22
25
21
27
0
24
11
27
22
4
29
26
0
39
39
17
28
5
14
17
31
20
0
18
20
22
5
33
22
22
15
7
4
40
39
8
36
38
39
3
7
5
21
23
39
37
40
5
28
30
39
27
8
7
16
27
39
10
35
30
7
39
24
0
11
15
39
12
30
39
38
40
5
9
39
18
13
39
6
40
40
35
2
32
40
32
21
