34
34
19
38
22
12
17
36
22
40
35
26
36
0
1
19
2
40
2
25
22
29
21
4
24
4
22
4
22
35
37
37
6
2
4
30
6
17
28
36
1
1
9
9
0
28
9
4
5
39
38
30
20
38
5
32
40
37
39
3
10
4
1
0
31
38
7
30
8
4
34
8
6
40
39
39
4
30
28
0
13
0
4
28
1
18
8
30
40
37
1
30
32
40
34
36
8
32
15
17
34
34
39
23
9
34
25
36
22
8
3
21
36
38
24
22
0
3
18
4
22
29
4
4
24
39
22
24
30
39
7
11
24
2
6
3
15
17
3
6
1
1
35
9
9
21
9
39
40
39
24
19
39
38
27
39
40
15
39
26
9
39
24
18
7
39
4
17
32
9
39
21
0
17
39
0
34
4
27
39
29
2
38
28
39
1
8
1
40
7
1
30
10
39
6
29
8
39
15
27
