34
8
13
40
15
23
39
36
25
21
33
19
27
40
36
1
38
16
16
2
12
20
0
4
12
4
1
29
39
2
4
2
40
25
6
2
27
17
4
26
24
30
34
25
0
9
2
29
29
33
20
33
36
9
37
39
30
7
10
5
7
33
1
0
37
32
33
8
0
5
5
32
30
6
38
40
39
6
30
32
36
28
0
39
6
18
4
30
3
34
36
7
30
40
38
10
16
32
5
9
34
8
13
38
38
23
34
36
25
5
9
19
38
40
36
27
24
0
11
4
4
20
0
25
12
39
27
29
20
39
11
2
2
24
21
22
7
26
4
21
5
22
23
18
23
25
25
20
39
26
39
6
40
39
37
40
21
7
40
34
34
12
1
39
21
29
14
8
0
39
14
10
10
40
40
40
38
40
17
17
11
39
5
39
10
18
13
40
3
40
37
38
30
40
38
37
40
23
39
9
