23
26
9
12
22
19
0
40
15
38
26
34
17
25
39
38
1
2
39
34
35
22
4
12
39
4
31
34
25
3
38
3
4
6
17
32
4
26
27
26
26
4
27
0
27
9
31
7
20
9
0
5
32
4
0
38
0
3
3
5
7
10
4
40
34
40
6
5
38
8
35
32
32
34
3
30
32
9
38
2
30
5
28
8
18
30
0
1
32
30
34
15
36
7
32
32
15
32
40
37
13
34
9
34
22
34
25
23
25
10
36
39
36
25
39
38
14
2
27
25
8
20
29
21
39
4
24
39
25
20
29
5
4
27
16
21
25
22
27
29
17
2
27
2
27
5
40
25
40
37
0
40
37
4
39
25
0
39
3
5
39
7
38
40
39
40
40
39
37
39
39
39
3
39
27
8
25
39
8
37
14
39
24
37
24
38
0
39
6
7
34
40
4
39
39
27
15
32
40
38
