12
9
10
13
34
18
13
11
14
0
37
15
17
32
1
40
0
2
25
30
27
0
24
4
32
3
29
4
23
36
3
28
6
33
40
27
6
34
4
2
30
2
32
34
9
30
7
32
9
20
4
32
29
5
32
40
36
40
39
38
32
5
40
39
4
36
6
34
36
30
6
36
8
5
9
11
40
34
3
13
1
40
28
8
30
32
18
39
12
34
8
11
8
32
15
38
8
32
2
21
12
15
2
7
34
23
25
3
25
20
36
9
25
10
5
22
27
13
6
24
27
0
27
39
1
3
39
4
1
24
20
28
6
30
22
24
16
23
4
20
7
22
15
13
1
21
39
28
38
40
20
38
20
20
40
37
0
8
28
39
39
39
14
39
4
21
13
39
29
39
39
40
23
40
2
11
3
39
38
39
39
40
32
8
39
20
18
18
12
39
8
3
10
31
15
19
19
39
2
21
