21
20
32
11
35
40
31
26
36
20
31
19
14
14
15
33
1
2
39
23
35
12
4
4
4
1
4
1
26
0
2
19
6
22
4
6
2
17
17
17
36
0
32
36
9
27
33
0
9
23
5
36
20
30
5
0
2
39
3
29
1
38
36
31
35
36
8
4
38
0
6
1
30
34
40
7
3
10
34
30
37
28
37
12
18
32
14
32
30
36
34
0
17
39
32
39
19
7
21
40
21
3
34
21
23
40
25
12
36
6
25
19
14
18
24
20
22
19
27
20
2
29
13
39
24
1
20
28
4
0
2
30
6
22
4
32
2
17
17
14
15
14
35
36
22
0
39
20
38
23
40
36
17
19
38
25
12
40
27
6
1
10
21
39
12
7
35
4
35
39
29
15
10
0
28
39
3
36
19
39
37
17
37
40
18
38
38
38
40
20
38
0
15
39
32
39
2
15
21
40
