29
15
17
35
32
22
39
26
26
40
18
0
21
18
25
1
36
39
25
30
25
3
29
4
26
22
4
37
23
24
29
25
37
22
38
17
6
30
2
4
7
2
37
36
9
2
24
27
9
30
20
3
29
0
28
25
25
30
40
29
35
38
0
5
39
39
31
37
8
40
40
30
38
4
7
5
32
9
30
39
28
34
0
30
32
6
18
1
30
30
30
30
30
38
8
40
34
32
0
32
7
15
17
21
34
13
20
8
25
22
19
0
13
36
9
14
25
27
22
11
11
3
29
15
26
22
9
39
6
29
29
20
24
8
24
9
6
30
2
16
20
18
33
16
12
3
38
13
38
39
28
0
36
11
39
30
26
30
39
31
39
38
0
39
39
39
39
39
3
40
40
5
39
33
7
4
39
20
26
39
4
8
37
2
39
6
30
1
6
39
25
30
30
18
20
39
16
32
0
32
