6
15
14
34
35
0
25
37
9
25
39
27
27
19
1
27
2
40
12
2
39
29
27
34
1
4
33
29
1
30
33
36
6
35
6
29
4
17
33
27
34
28
7
4
9
39
26
37
9
3
38
20
1
33
38
5
34
4
35
7
29
1
10
37
33
32
3
30
38
8
1
35
1
6
30
8
7
37
30
8
28
40
38
30
35
32
34
9
10
30
38
3
7
11
34
32
39
16
7
2
6
15
14
34
36
0
25
25
9
25
36
23
2
19
3
27
4
40
25
21
17
29
27
29
39
29
24
39
26
21
14
14
6
27
26
29
26
19
27
17
7
31
12
4
29
9
26
39
25
39
38
10
40
27
12
27
37
25
39
7
24
8
39
16
16
39
24
39
37
22
39
31
1
39
8
39
9
29
39
28
2
39
34
31
39
32
39
9
32
30
39
24
32
24
1
32
39
37
23
2
