0
34
16
34
38
21
38
26
14
24
23
21
21
33
31
1
38
2
23
21
18
33
23
4
29
4
39
1
1
28
22
24
2
6
35
38
40
31
17
2
7
40
36
34
32
9
35
7
2
34
9
20
27
20
32
20
0
31
30
30
2
0
0
5
4
30
40
6
3
7
39
32
35
38
10
8
30
8
9
3
1
38
28
39
32
30
34
0
18
8
5
40
30
5
34
40
12
32
10
19
40
34
18
9
38
40
34
19
25
19
23
21
21
8
7
25
38
25
24
27
18
18
29
4
27
24
39
1
1
28
18
24
2
31
30
16
6
21
17
33
3
5
5
2
2
9
35
37
39
38
3
11
40
17
36
38
0
31
40
37
37
0
39
5
40
0
40
6
3
39
25
39
35
17
39
4
11
39
9
3
1
39
28
39
4
39
12
1
39
8
5
39
40
39
39
40
7
34
40
19
