16
38
34
18
34
23
36
9
14
19
14
14
19
19
1
14
38
18
0
2
20
29
0
4
14
14
4
34
14
1
24
4
26
6
2
33
30
4
28
33
26
34
7
0
3
36
9
3
29
20
5
20
36
20
4
2
35
7
2
37
10
6
37
37
3
5
8
6
36
8
37
4
38
5
2
2
32
6
2
4
28
7
18
32
18
36
30
18
3
5
30
34
32
7
16
32
4
40
32
39
16
38
34
18
34
23
34
36
25
0
14
14
19
19
8
18
27
25
0
17
20
29
0
4
39
8
22
12
39
19
24
6
26
31
2
28
14
6
5
15
30
19
7
1
18
36
6
39
35
38
40
34
36
38
40
27
35
7
40
37
40
21
37
24
40
8
31
6
25
40
15
28
40
38
27
18
34
39
22
32
3
7
39
16
18
39
28
39
3
39
13
29
40
8
16
37
38
40
32
1
