0
34
12
37
37
23
13
11
11
36
20
33
23
1
20
1
0
2
22
24
22
38
22
4
24
12
4
27
26
2
39
34
4
35
6
31
1
1
24
29
25
30
4
36
9
9
9
0
37
9
40
20
5
3
7
32
29
2
35
32
10
3
3
32
40
40
5
40
1
38
30
7
32
37
34
37
0
38
38
40
36
10
3
28
13
30
32
34
4
2
38
16
16
36
35
34
32
35
10
3
0
34
12
37
34
23
13
25
9
36
0
40
3
0
20
3
12
14
22
24
27
29
18
4
29
12
6
29
20
28
17
22
8
21
6
30
20
32
23
19
25
9
4
9
9
27
39
38
37
37
40
20
37
30
7
2
24
23
39
32
10
4
39
3
40
39
25
39
1
39
7
7
39
35
39
38
34
40
38
40
33
23
39
12
11
20
38
39
4
2
6
16
1
39
35
37
32
39
17
3
