7
17
34
15
16
23
33
35
25
34
15
38
19
1
1
21
16
2
39
18
29
22
12
40
4
27
34
38
4
19
19
26
4
3
6
31
40
17
30
22
4
2
39
26
9
36
7
35
9
3
20
34
37
29
1
27
39
34
5
33
37
5
38
36
4
29
1
8
31
38
30
31
2
34
32
6
9
2
2
38
39
8
30
7
18
32
38
34
30
12
5
38
4
3
5
34
32
39
15
36
38
17
6
34
13
23
14
38
25
4
15
8
14
25
25
27
27
21
24
18
4
29
27
29
27
39
24
16
23
14
4
8
4
3
21
31
14
31
19
22
26
22
17
35
9
38
37
40
23
3
20
39
37
39
25
37
39
40
5
40
37
5
40
25
4
27
40
38
40
38
18
11
2
39
17
8
9
11
39
40
40
8
30
40
37
40
21
12
39
37
38
18
4
39
24
32
40
2
3
39
