18
12
12
15
34
24
0
21
14
13
31
36
0
1
0
1
16
2
21
38
12
18
4
4
12
4
34
39
18
33
3
4
3
6
24
26
17
29
4
30
29
38
1
9
9
32
33
9
2
39
25
27
20
5
39
3
4
4
29
2
1
10
37
36
4
35
40
1
40
39
35
30
35
36
6
30
1
33
36
5
30
32
39
28
39
30
1
18
30
38
32
30
35
12
5
34
0
32
16
10
4
14
2
37
22
34
25
9
36
13
19
23
0
36
27
25
2
19
21
38
7
18
19
29
39
12
17
39
6
39
3
12
19
4
8
19
29
10
31
1
7
9
21
21
3
5
15
20
7
39
25
22
37
15
39
36
37
40
29
39
27
37
37
39
4
35
22
17
19
39
35
37
35
20
39
30
13
33
39
38
34
34
39
7
39
40
1
37
40
10
32
30
40
12
19
34
0
14
39
10
