10
36
23
34
23
14
33
37
40
20
13
15
13
25
1
19
32
39
2
12
34
20
35
4
22
4
39
4
0
4
33
36
2
6
4
26
39
30
36
2
30
1
1
4
7
9
40
31
9
0
9
20
9
29
7
5
4
39
4
36
10
32
5
8
1
8
1
3
3
32
30
0
36
5
39
9
0
38
30
39
28
8
5
30
32
10
37
18
30
39
36
39
40
39
37
3
32
16
3
34
7
36
3
34
23
17
25
37
25
21
36
25
13
25
19
19
7
25
27
9
29
20
3
12
22
39
29
4
11
26
24
29
2
28
4
31
12
0
22
20
30
1
1
1
10
12
39
18
9
40
37
20
39
1
21
25
4
14
39
36
38
39
39
8
11
3
39
25
20
5
40
4
13
5
39
9
0
1
30
39
21
39
39
23
39
10
17
40
6
40
36
32
37
39
32
3
39
37
3
34
