9
36
30
33
10
34
27
29
25
26
14
38
25
40
23
39
2
27
29
2
34
26
4
22
38
4
26
20
1
2
3
26
4
27
6
1
17
4
30
22
25
28
22
4
9
23
37
9
40
32
28
36
39
20
20
4
7
39
40
10
2
40
34
4
35
8
8
2
35
4
30
38
36
2
1
38
11
0
30
40
38
32
1
30
12
14
18
6
39
32
30
9
32
36
17
2
9
32
38
36
3
36
21
34
21
34
20
14
38
36
39
22
25
27
38
24
25
27
18
0
6
26
29
22
17
12
19
39
17
11
3
6
11
30
1
14
24
4
6
2
25
25
22
4
9
18
5
40
22
39
28
25
40
37
39
39
32
27
40
39
38
40
34
2
9
39
8
27
30
39
37
38
36
40
35
0
11
40
2
40
38
40
40
13
0
39
22
5
1
34
39
9
40
39
38
22
33
37
16
11
