14
24
14
34
26
24
39
20
31
22
25
26
16
0
1
38
18
2
23
18
38
28
27
29
4
37
39
28
31
36
2
4
36
6
28
17
24
4
35
4
25
25
34
7
9
2
38
0
9
4
37
20
39
7
5
1
30
37
7
32
38
37
38
39
39
35
8
7
35
32
34
1
30
40
34
10
4
2
40
36
39
34
39
7
18
37
34
30
4
10
32
30
5
34
4
17
7
32
1
8
21
23
6
34
8
23
34
20
38
22
9
36
40
11
27
6
27
8
40
22
2
26
14
29
16
29
39
28
39
9
16
15
31
30
14
17
24
11
20
15
20
10
21
19
9
36
38
20
40
35
37
16
39
4
5
1
39
31
28
14
39
5
39
39
28
40
20
28
39
32
34
1
39
7
36
39
6
40
40
9
39
39
39
40
21
7
39
4
10
10
39
20
40
2
39
17
7
36
1
8
