39
31
20
15
23
16
22
36
20
24
17
17
22
29
1
38
2
34
35
0
2
12
4
0
12
4
0
21
26
25
1
4
6
39
4
6
36
4
17
27
34
32
40
4
9
0
35
40
9
37
37
35
20
5
1
37
1
32
3
10
0
39
39
33
32
2
34
2
8
32
30
8
4
6
33
6
40
30
11
32
5
28
30
8
38
18
37
30
3
30
35
30
34
39
3
35
8
40
32
14
36
14
34
37
37
15
34
36
5
25
19
38
2
36
1
38
25
20
18
27
22
12
4
0
29
24
16
39
26
39
0
11
6
8
10
6
7
4
17
22
23
10
24
4
9
6
24
40
40
40
37
17
39
2
3
37
5
7
39
36
0
14
39
39
40
2
40
29
21
32
39
29
3
24
19
39
38
13
29
0
40
21
40
29
11
9
10
29
39
32
36
31
11
39
3
7
39
34
39
14
