10
10
9
10
20
40
15
13
25
38
21
29
40
1
1
20
1
2
1
38
1
0
23
12
4
37
24
25
4
29
4
23
24
4
6
30
3
30
29
2
24
2
0
2
9
0
5
9
20
27
9
40
20
20
7
33
39
37
30
10
5
39
38
3
6
6
7
9
33
33
10
37
30
2
9
37
36
11
30
5
39
30
28
4
18
30
16
34
36
16
30
32
40
11
40
12
40
32
6
40
10
10
22
10
39
34
25
12
25
38
23
36
17
36
19
25
38
27
40
38
11
10
23
10
19
39
24
25
39
19
4
23
11
27
4
3
6
7
29
31
24
28
3
2
30
0
39
39
40
24
40
21
37
40
11
20
39
23
39
14
5
39
26
3
24
39
28
9
39
11
14
39
10
22
40
31
39
34
4
5
39
30
6
6
39
37
0
39
38
39
4
32
40
11
36
40
39
39
16
40
