16
21
0
22
25
23
0
17
13
36
27
25
32
14
19
1
2
19
2
40
25
19
4
12
29
4
31
29
3
3
35
39
25
25
6
4
2
17
36
25
24
25
26
38
36
9
27
2
1
20
36
27
9
7
2
35
3
37
27
39
28
28
7
2
40
8
1
4
0
38
35
1
5
34
30
4
36
35
8
33
9
34
30
28
32
30
39
9
33
33
30
4
1
16
34
6
32
3
34
32
16
21
7
2
34
23
25
40
25
36
14
25
36
6
38
25
8
19
2
23
22
24
21
17
29
39
10
26
39
21
7
24
13
18
20
4
31
17
5
25
19
16
20
26
33
3
25
12
35
39
36
38
39
23
37
40
6
37
6
0
17
39
1
0
15
39
1
19
39
38
40
33
39
14
39
4
36
10
39
33
36
39
5
40
40
39
39
13
32
18
39
4
10
37
34
39
32
39
39
32
