12
20
38
39
38
34
16
36
22
14
40
24
28
25
1
27
2
27
2
26
27
24
23
4
14
4
38
4
1
0
26
4
29
6
34
31
17
2
27
22
4
26
29
35
7
3
9
1
31
30
30
36
5
4
32
39
37
27
39
5
10
34
37
36
35
30
40
4
8
1
8
7
3
37
8
2
5
32
4
2
28
30
32
36
18
30
11
38
16
7
30
1
10
32
16
9
14
39
34
7
21
20
38
39
38
34
36
36
25
22
21
38
36
25
25
27
9
23
3
26
27
19
8
4
14
10
39
9
15
27
20
29
30
23
18
31
12
2
34
22
15
4
20
23
35
10
25
39
2
39
40
25
27
39
37
13
23
23
39
5
39
31
40
13
3
5
40
4
8
20
39
27
9
39
40
40
40
40
40
1
39
12
40
39
3
28
39
1
38
7
27
39
36
23
30
9
4
39
34
7
