38
28
40
20
40
13
36
26
25
21
39
23
32
23
1
28
30
2
25
40
12
21
12
4
19
28
4
34
29
26
2
22
4
6
27
29
31
39
4
29
34
7
29
9
0
9
4
32
9
30
20
30
3
0
30
7
30
32
0
1
7
5
32
10
2
39
34
8
34
6
32
30
36
40
5
30
9
4
1
9
28
1
11
10
18
30
32
38
34
40
32
35
38
35
2
6
32
34
6
39
15
17
38
18
34
14
36
23
25
18
36
11
21
17
1
40
2
22
25
5
29
17
12
39
29
7
23
17
29
21
2
31
25
10
27
29
29
10
17
29
21
3
29
18
39
38
4
40
3
27
1
35
39
0
37
7
17
39
30
19
29
6
32
39
2
39
34
39
16
39
36
40
37
40
11
40
14
13
39
9
36
6
39
10
12
2
15
40
37
40
32
18
38
40
5
4
40
10
2
39
