34
39
32
40
10
36
38
35
16
36
9
38
36
17
1
39
27
2
0
23
39
28
4
4
39
4
1
4
1
24
4
38
2
33
6
36
17
0
36
22
24
4
27
33
7
33
9
0
20
29
39
7
20
40
39
29
34
40
0
32
3
2
4
38
36
40
32
39
8
32
34
3
9
39
2
30
13
6
39
1
28
34
30
3
18
36
1
18
9
30
9
38
34
10
40
36
32
18
3
1
34
39
34
4
34
36
25
21
15
36
25
38
36
14
25
22
27
6
12
6
6
29
27
3
39
4
22
39
4
24
28
13
2
30
2
23
2
7
1
22
22
10
26
4
7
5
23
39
1
7
39
36
38
40
19
40
34
40
20
40
36
33
39
31
27
40
26
39
30
39
34
39
9
39
2
39
33
6
39
1
40
38
30
39
28
9
39
27
40
36
39
38
8
10
39
2
37
6
39
1
