38
14
22
34
11
30
21
14
36
9
25
35
35
26
1
34
29
2
23
19
37
29
29
4
32
18
4
14
39
25
27
20
6
4
6
2
1
34
35
27
2
4
7
24
27
30
9
23
3
37
26
5
5
20
4
37
39
30
5
5
10
36
32
40
30
6
37
36
37
4
30
36
5
31
30
38
31
36
40
40
1
30
28
13
18
6
38
37
32
40
30
0
8
37
34
8
6
36
32
18
16
14
22
34
23
23
21
25
36
20
25
11
25
36
1
10
24
21
23
38
25
29
29
27
29
2
20
14
39
25
29
20
24
24
7
26
1
19
6
27
26
4
7
5
20
12
18
40
40
37
40
37
5
39
4
37
39
14
5
39
10
1
40
16
40
6
3
10
39
4
30
39
22
31
33
15
9
38
40
38
14
35
8
40
18
6
39
2
40
8
30
39
8
10
10
39
6
36
27
18
