40
0
23
36
29
31
34
23
11
27
36
34
23
20
1
16
21
2
14
17
38
36
12
4
12
30
4
19
2
40
4
24
6
2
23
2
6
4
24
37
7
31
24
3
9
31
4
2
9
27
28
35
35
37
20
29
37
37
5
1
10
37
40
33
5
40
0
35
2
5
25
8
6
35
3
30
8
11
32
13
0
30
28
33
33
11
7
34
39
30
32
39
30
40
6
32
38
32
15
32
40
0
23
3
34
1
34
25
34
25
36
23
23
20
36
22
27
24
1
12
38
39
15
20
15
29
2
39
27
39
26
24
7
2
23
31
25
8
0
11
7
14
13
3
9
36
6
11
18
37
39
29
6
37
39
16
40
37
5
39
32
37
40
40
22
31
39
35
37
30
39
31
31
8
13
39
28
15
39
39
0
28
39
25
12
18
39
19
39
40
32
39
30
40
11
40
38
32
15
32
