17
8
17
19
22
14
28
9
20
33
18
15
25
1
0
30
2
2
0
2
26
37
4
4
12
4
1
3
30
25
27
3
6
23
4
6
38
17
30
17
24
26
3
4
1
7
29
9
34
30
25
39
29
20
28
1
30
0
33
3
39
39
0
5
3
10
32
33
8
2
38
38
32
9
11
33
8
30
13
7
8
8
38
34
36
40
30
32
0
34
30
14
5
16
38
16
36
32
3
5
17
23
12
19
1
10
20
8
10
25
23
22
25
27
27
14
24
2
0
9
26
29
4
29
28
5
4
3
12
5
30
18
16
23
32
6
7
23
16
8
35
4
11
4
37
10
29
38
29
13
40
29
14
38
11
1
3
18
40
16
39
40
16
5
40
20
32
33
15
33
39
11
31
9
17
33
37
15
36
39
13
8
37
2
33
40
30
40
0
4
12
40
9
4
18
39
40
40
38
11
