17
11
37
23
38
34
9
25
27
37
30
17
23
25
20
1
2
24
2
15
37
15
17
4
12
23
4
20
23
34
34
28
23
6
30
4
2
17
39
35
1
25
24
9
7
9
33
29
9
2
39
20
36
5
40
1
36
7
36
39
10
37
35
34
0
32
33
8
30
39
37
6
32
37
32
32
30
39
35
6
38
30
8
28
8
18
30
5
40
1
9
30
34
11
36
2
39
32
40
34
16
14
37
23
38
34
23
25
10
25
12
36
23
39
20
39
20
24
22
12
23
4
2
26
6
29
18
39
4
20
20
30
23
5
26
32
28
17
8
7
27
16
18
9
7
35
3
39
40
39
11
39
25
39
37
40
20
40
36
39
39
39
35
40
20
40
3
8
19
39
30
6
26
39
32
11
21
18
39
29
38
10
39
37
39
15
40
1
40
1
39
38
24
39
32
40
39
39
40
33
