35
23
38
37
11
11
14
19
38
13
17
30
36
26
1
23
2
32
2
30
26
12
4
38
4
19
39
4
21
4
4
39
28
6
22
17
4
2
17
30
37
0
4
9
7
9
4
26
37
9
37
20
5
30
1
37
3
40
3
36
34
2
32
5
1
30
8
3
38
36
32
30
6
2
39
11
32
38
39
11
11
36
32
38
18
37
30
32
6
11
30
34
14
14
14
12
32
40
39
1
6
21
38
34
23
20
14
19
38
22
0
15
36
3
27
0
24
19
27
14
2
29
7
3
27
0
39
29
21
21
13
20
18
25
22
12
24
26
30
31
9
18
19
9
7
2
40
23
22
37
3
39
5
0
38
37
7
22
39
37
31
39
38
40
40
39
19
40
5
15
40
40
23
21
39
27
40
17
39
11
35
40
38
38
18
40
38
31
3
11
20
22
14
40
14
12
40
40
39
1
