0
14
10
39
9
21
15
20
21
29
30
36
36
1
34
16
36
2
1
22
33
16
22
39
4
19
17
4
4
1
1
4
33
6
20
3
38
37
24
17
31
4
30
7
9
39
40
23
27
9
32
34
1
33
3
37
4
38
7
35
0
35
3
6
31
4
39
0
30
7
0
39
3
30
38
40
9
30
13
9
40
1
30
12
32
4
39
18
39
30
5
6
8
40
36
14
39
32
15
14
19
36
7
34
15
18
36
20
23
22
12
36
36
27
36
21
27
25
38
2
14
16
22
2
27
29
11
26
39
27
14
12
9
6
19
3
13
12
4
17
14
20
30
7
31
31
40
39
9
39
32
39
1
33
39
37
38
38
35
39
22
35
38
36
31
39
5
37
30
31
11
7
39
33
6
25
40
12
22
14
39
8
30
6
2
39
27
18
8
40
0
6
16
40
1
14
27
39
40
24
