17
34
9
20
14
21
38
23
22
9
36
37
16
1
1
32
22
2
37
36
31
14
4
4
29
4
1
28
26
4
22
26
25
6
32
38
4
17
32
27
7
28
24
36
4
9
39
7
20
9
20
31
20
31
5
31
4
38
38
2
5
32
5
29
34
9
9
0
4
7
30
0
11
9
10
34
13
1
40
34
28
30
39
1
32
40
18
30
40
34
8
4
35
7
35
32
39
17
18
38
19
34
8
20
34
12
38
23
22
6
36
9
14
1
4
27
24
22
6
27
22
3
4
4
20
39
16
28
6
22
30
24
7
6
13
17
4
6
6
9
7
34
11
7
21
20
39
24
39
36
39
39
37
39
5
37
39
38
39
19
30
40
25
29
38
7
26
40
4
34
30
0
39
36
15
39
40
38
40
37
40
11
10
39
39
40
18
31
40
1
13
35
40
8
2
7
39
24
18
39
