27
34
23
19
0
17
11
23
30
38
13
34
21
21
1
30
28
20
2
32
27
34
4
12
21
27
4
2
39
34
22
39
1
6
35
4
34
0
2
30
4
37
38
0
9
30
9
1
9
27
20
9
39
0
37
27
36
31
0
37
5
7
39
2
0
39
8
2
4
30
4
2
6
1
37
39
30
38
32
2
1
33
1
30
32
18
38
40
36
30
12
11
30
32
11
34
5
17
1
18
20
34
23
19
0
34
37
23
17
20
5
36
18
23
25
27
14
9
38
12
27
3
4
8
29
27
39
27
39
13
22
9
29
7
18
27
16
27
28
30
4
6
2
0
9
19
40
40
40
37
37
39
17
0
37
1
36
39
0
5
12
39
39
40
39
39
21
39
39
30
39
11
34
39
11
39
40
40
13
39
1
39
33
30
39
36
38
40
5
40
12
11
39
23
38
17
40
17
38
39
