40
18
15
34
34
19
11
13
25
20
9
34
30
27
1
14
18
27
18
2
24
15
19
4
12
4
4
26
4
33
2
1
24
6
25
4
34
22
2
38
0
33
24
4
0
32
9
7
28
36
2
25
20
36
27
40
39
37
10
31
0
5
7
38
32
5
40
1
37
33
30
30
0
9
30
9
11
7
9
0
28
34
30
34
10
37
39
7
36
34
6
30
10
15
39
7
10
34
35
35
17
7
15
34
23
36
11
13
25
20
22
6
24
27
1
14
7
12
2
26
20
1
9
4
19
18
24
11
0
30
20
20
26
32
7
24
18
6
3
35
15
11
25
26
0
6
39
38
5
40
2
24
38
28
37
40
13
37
14
39
0
5
39
26
37
39
34
36
23
11
39
6
15
39
30
9
38
7
40
0
28
1
1
39
12
37
39
32
36
35
39
33
31
39
39
27
39
34
2
40
