17
40
0
12
11
26
29
13
14
37
18
39
22
17
39
29
1
20
20
2
21
21
4
4
12
4
31
38
29
22
2
4
6
26
24
6
17
4
37
31
27
4
24
9
9
3
9
4
5
9
9
9
20
36
38
37
37
35
10
36
32
3
32
40
27
27
37
39
32
8
38
2
2
34
37
5
0
6
30
34
3
32
28
36
9
30
1
18
39
38
40
30
32
34
12
16
36
11
32
0
38
40
0
12
34
15
25
34
23
25
18
10
19
36
39
27
11
20
4
25
13
22
14
4
29
24
39
13
18
20
39
4
14
20
31
24
5
20
6
31
22
24
24
23
9
20
20
4
12
39
37
23
39
37
40
37
39
2
6
39
37
37
39
2
11
39
37
39
10
28
2
39
19
12
17
39
12
6
40
31
37
14
5
39
36
13
39
29
23
38
40
7
32
10
39
40
40
11
7
40
