11
34
10
21
12
33
14
16
15
25
36
33
21
1
1
40
2
2
28
2
32
28
21
4
31
1
4
26
24
0
4
23
25
1
6
3
24
1
4
34
31
22
38
24
1
9
37
3
7
9
36
20
20
20
30
3
34
5
29
4
10
31
29
29
3
6
37
3
1
33
30
9
38
35
36
11
13
5
30
32
37
30
15
12
30
40
30
14
18
39
30
4
32
38
39
32
5
2
5
19
11
11
10
21
34
23
21
22
23
25
24
36
14
27
25
25
27
2
38
2
11
26
16
29
15
1
24
14
10
1
4
26
25
30
6
3
24
24
24
15
12
22
14
35
8
16
37
39
7
38
3
13
40
20
9
38
5
4
40
25
27
6
39
29
8
39
27
3
1
39
11
21
5
35
10
20
39
36
36
5
21
30
15
39
32
32
16
14
18
39
25
4
15
38
39
3
39
16
5
22
