33
23
34
40
12
17
38
30
0
29
36
16
18
29
1
25
27
38
2
35
29
28
31
33
4
1
22
31
21
3
26
21
4
6
22
3
30
0
0
34
2
34
26
39
36
9
3
2
31
7
9
4
20
26
32
39
7
35
35
10
32
5
4
10
38
31
33
3
30
30
39
36
0
7
30
34
11
13
10
38
34
39
1
28
18
30
38
0
32
0
34
9
7
30
35
32
38
35
4
14
13
17
34
40
12
17
34
10
7
25
36
20
23
36
10
25
27
38
12
24
22
9
8
29
4
1
39
26
40
39
19
31
28
23
27
9
30
4
5
7
26
9
20
3
27
21
3
39
39
7
39
14
39
40
3
39
7
38
9
39
27
1
35
39
39
38
40
3
30
30
40
26
1
26
39
20
11
40
39
29
39
26
5
21
40
1
35
39
39
0
34
9
39
37
27
39
38
40
11
15
