21
35
23
15
15
13
33
34
17
38
23
22
27
36
1
18
2
2
35
27
2
24
4
23
4
33
31
4
25
22
34
31
6
6
39
6
36
17
39
29
7
36
2
9
34
9
36
7
1
9
35
20
3
7
33
4
3
10
10
33
10
35
36
5
33
34
3
1
30
9
40
32
39
36
34
36
9
1
13
30
1
34
13
18
30
9
30
13
30
35
35
30
15
39
34
32
16
12
32
21
1
35
23
15
15
9
38
34
36
38
25
8
7
36
27
18
38
25
4
27
4
21
26
29
23
39
1
18
39
22
39
27
21
23
21
6
30
0
32
1
7
15
5
19
17
5
2
40
39
26
39
37
19
7
39
15
37
10
39
35
7
39
33
37
39
38
35
37
39
9
26
39
39
5
39
3
9
1
39
30
1
7
13
40
27
9
40
13
4
40
20
30
22
39
19
32
39
12
40
39
