11
7
17
30
34
13
18
17
28
39
36
38
25
26
19
1
2
40
2
0
20
12
4
4
4
29
4
21
40
40
4
38
2
6
37
22
26
30
34
4
33
0
30
7
9
9
9
39
9
30
20
5
3
37
37
39
0
36
34
40
3
36
39
10
39
40
2
33
32
8
8
39
38
35
0
7
32
2
37
39
3
1
28
34
13
18
2
30
7
32
40
36
30
34
8
16
1
8
32
21
40
7
1
23
34
13
5
25
20
19
36
1
39
36
19
39
38
27
22
24
20
12
27
2
4
29
39
1
39
39
29
6
2
9
18
22
1
30
24
20
13
0
17
6
9
9
40
39
5
39
37
9
40
37
39
39
28
36
40
40
39
30
39
39
40
28
39
39
3
39
8
39
18
35
39
7
12
23
4
39
7
1
38
18
13
16
39
8
24
16
40
36
23
39
13
17
39
21
38
17
