21
15
26
11
0
25
34
34
14
21
0
18
15
1
21
32
1
2
33
39
12
19
21
19
4
12
2
33
24
2
36
39
4
6
22
29
35
26
32
4
29
2
4
9
30
9
22
9
32
22
39
33
9
20
35
30
34
0
10
3
40
31
3
37
28
28
4
39
40
32
0
3
33
3
32
7
38
32
0
28
4
4
28
39
28
4
34
2
32
37
30
1
30
30
34
3
8
32
40
0
21
15
17
6
34
25
36
34
10
25
0
20
6
36
22
24
27
2
16
0
18
13
15
17
3
39
29
7
24
39
14
21
4
7
30
12
0
6
32
4
21
7
4
19
3
9
18
9
39
6
39
37
39
2
37
39
22
39
38
0
40
9
7
6
39
39
40
15
39
10
0
39
14
39
5
39
13
39
5
39
38
39
20
40
28
40
40
2
14
39
21
1
16
30
34
3
34
32
40
22
