12
37
17
29
20
37
34
19
36
9
25
36
14
39
27
29
27
2
1
26
29
37
24
4
19
0
27
4
26
2
40
26
4
6
21
27
4
37
2
17
28
3
4
30
3
9
34
7
3
5
9
36
20
30
40
32
31
33
30
37
30
4
38
38
32
39
0
30
1
1
32
40
40
39
30
34
6
34
34
0
40
13
28
30
8
13
32
34
7
15
30
5
38
0
6
32
0
17
14
14
12
17
17
34
15
5
34
25
36
39
25
36
2
39
6
13
27
0
24
26
22
29
18
4
28
16
11
39
30
18
11
26
32
14
4
17
4
7
22
4
5
3
20
18
18
2
37
39
10
39
0
38
40
27
40
29
31
28
39
38
30
32
38
39
1
39
36
39
25
40
36
40
10
39
38
40
6
40
37
39
38
35
39
37
8
13
6
39
18
19
33
39
38
10
6
40
0
17
14
14
