6
8
16
25
27
13
30
23
35
36
25
22
0
36
30
16
38
39
2
39
27
39
12
4
27
4
28
25
2
39
1
40
31
4
6
2
38
22
32
31
39
28
32
0
0
2
9
33
25
27
5
40
1
29
38
30
36
5
40
39
10
33
35
5
32
31
1
31
36
34
3
30
1
2
32
1
7
30
13
3
13
1
28
2
14
6
13
32
38
30
8
34
17
36
32
38
19
0
20
6
9
8
16
6
34
12
7
23
25
36
10
5
38
36
24
16
38
39
14
5
18
26
8
29
10
10
39
16
39
39
1
19
24
22
11
2
19
20
11
22
22
28
0
0
7
34
24
39
40
37
39
38
20
39
38
9
40
5
40
39
38
33
40
33
39
11
1
39
0
15
39
28
40
29
40
36
14
38
40
3
38
1
39
8
33
39
30
32
10
11
36
39
31
36
32
39
29
21
40
3
