8
35
34
30
0
39
39
14
33
25
20
27
22
1
16
20
25
19
2
1
12
31
4
12
4
39
4
1
39
28
32
29
6
2
6
34
4
17
25
25
2
0
7
31
9
0
34
27
9
7
37
20
2
35
5
2
35
30
39
10
37
10
39
34
8
2
30
37
37
32
32
1
0
4
30
32
10
40
30
3
36
30
11
13
32
40
18
40
30
10
32
0
37
5
39
32
34
16
32
2
8
35
21
23
4
34
1
7
13
12
20
36
22
20
14
27
22
38
13
23
12
25
29
16
7
39
17
19
39
22
8
29
31
2
23
25
30
17
9
17
5
32
18
31
23
10
34
39
40
39
37
14
39
37
5
2
39
35
9
39
37
10
40
31
40
25
39
27
10
39
2
1
39
1
2
40
13
40
38
35
40
0
11
39
36
40
40
25
39
36
32
40
33
5
40
5
18
40
39
37
