10
38
12
12
38
16
35
36
19
18
35
32
25
36
16
1
0
38
2
33
23
19
38
4
29
20
4
39
28
2
1
4
0
40
22
24
6
0
2
4
39
32
7
39
28
9
32
28
36
28
20
3
33
27
35
31
0
38
10
7
39
1
37
4
7
4
7
8
1
6
0
0
34
6
30
0
30
39
3
30
34
28
7
7
30
2
18
34
7
40
30
3
1
32
34
13
16
9
7
37
40
36
2
0
34
23
4
36
25
13
2
36
11
36
7
25
0
26
27
26
16
19
18
39
29
4
5
39
29
25
11
25
30
16
22
3
6
0
25
4
31
32
10
24
27
1
38
40
38
4
40
37
34
7
39
20
37
9
39
7
15
7
39
24
40
4
34
9
39
6
24
36
33
39
30
40
39
39
40
25
40
14
7
39
21
39
22
6
3
40
38
16
39
20
39
13
7
39
39
37
