8
9
23
35
21
27
22
12
32
31
22
24
17
38
1
23
32
16
2
30
25
31
12
24
4
20
26
33
4
26
4
35
2
22
4
6
1
17
35
17
3
33
4
26
30
27
9
5
4
20
3
25
36
20
26
3
32
31
4
39
27
5
7
36
7
36
6
3
0
38
9
7
35
32
5
4
38
30
1
8
38
8
28
18
30
32
8
5
16
4
30
38
16
32
15
40
32
21
20
4
5
0
23
34
21
23
34
40
25
2
36
3
17
23
1
20
27
16
19
20
14
29
26
21
39
23
26
31
39
29
8
27
2
10
3
6
32
29
3
17
3
1
6
33
3
27
9
40
4
39
3
39
36
25
40
0
37
39
21
39
27
29
27
40
12
10
6
39
10
5
9
15
39
27
5
4
8
5
2
39
35
6
28
14
30
24
39
5
10
2
39
7
28
40
2
40
24
21
39
29
