15
21
13
34
23
9
37
35
14
17
31
39
0
36
1
23
27
2
18
39
12
29
14
4
12
31
4
26
23
1
2
1
4
6
24
29
23
26
4
27
24
36
2
4
28
7
9
35
29
26
20
2
2
30
39
32
7
34
4
39
33
10
38
1
39
4
8
30
0
1
8
40
38
4
34
6
1
38
3
0
2
28
30
2
40
4
32
38
30
30
12
30
32
34
33
5
7
32
36
34
15
21
2
34
23
9
25
11
21
25
36
39
20
38
25
23
15
10
12
23
2
29
27
6
12
20
39
14
29
1
24
5
4
22
20
29
18
6
4
8
20
0
2
4
9
24
9
37
39
37
37
39
35
39
39
37
40
37
4
39
37
37
10
16
39
37
18
37
2
39
16
5
38
27
39
6
1
38
29
0
40
28
39
2
27
39
35
32
30
37
38
39
3
40
33
39
7
32
36
31
