17
19
0
23
38
14
23
20
25
9
20
22
17
1
27
1
27
33
2
22
27
39
31
4
12
23
37
4
39
39
28
28
4
6
17
4
2
3
20
33
28
4
37
26
7
25
9
31
3
33
36
5
33
20
23
24
37
24
5
7
10
39
3
28
3
7
39
34
8
39
7
32
35
30
2
34
4
40
4
11
30
10
2
38
5
5
18
32
9
30
6
12
12
32
36
34
32
39
32
18
17
38
0
23
34
20
23
3
25
9
25
22
17
36
27
1
24
27
15
15
20
13
29
1
12
39
39
24
39
18
14
20
4
8
17
4
19
1
26
33
33
4
14
6
7
5
40
40
3
37
40
37
37
17
39
37
37
39
31
40
40
38
20
39
19
32
39
38
11
1
37
39
36
15
2
38
38
25
4
39
23
36
1
14
5
5
39
7
6
39
35
21
39
36
13
19
32
39
37
18
