33
23
19
25
26
40
21
40
36
18
16
26
27
1
34
1
23
2
37
27
36
20
29
4
12
25
4
1
36
27
29
4
3
6
30
0
4
36
3
28
27
2
33
7
9
4
36
9
29
29
31
37
9
1
40
7
36
4
37
10
2
36
4
33
32
4
7
7
30
32
38
40
39
7
40
30
38
3
34
32
1
7
6
30
37
34
32
38
30
1
11
30
32
16
34
2
32
15
14
11
35
23
21
34
8
38
1
22
36
25
9
1
27
27
20
27
12
23
20
27
2
25
29
4
26
39
11
1
19
27
29
4
30
31
30
0
5
19
25
5
17
16
0
11
13
40
40
14
40
29
5
37
39
27
9
7
39
27
37
39
2
2
39
39
1
39
31
26
39
32
38
40
40
38
39
35
5
39
35
32
40
6
40
28
7
40
40
38
39
1
11
33
13
39
24
2
32
39
14
11
