28
36
29
9
40
17
34
36
19
23
36
27
28
16
27
27
2
2
27
2
1
32
4
38
4
39
4
4
38
4
39
22
37
6
27
22
3
17
3
22
4
32
35
31
7
9
35
28
38
40
20
40
9
27
7
5
29
2
38
10
39
4
3
36
6
8
37
8
5
3
1
5
32
33
4
9
9
30
40
7
10
30
28
1
3
18
30
40
32
14
34
30
7
10
32
35
32
38
32
21
7
1
34
9
40
1
34
25
2
20
36
38
22
24
36
27
2
26
27
8
38
3
14
24
28
39
4
23
25
39
11
22
21
14
27
20
3
14
3
22
4
25
35
1
27
9
2
39
38
40
4
40
39
39
1
39
2
14
38
39
16
4
40
39
40
27
39
36
32
39
21
32
37
39
0
39
9
38
40
31
14
40
28
34
17
39
30
36
32
9
38
39
31
10
28
35
11
40
36
4
