0
34
17
34
20
23
15
20
27
24
24
25
35
27
1
14
27
2
26
14
40
12
37
4
12
17
23
4
23
29
1
1
6
6
6
4
33
17
33
7
32
7
4
9
9
38
9
33
29
20
9
39
20
28
32
29
37
29
10
32
36
7
2
32
0
8
34
39
2
40
30
37
35
2
40
7
37
39
30
11
34
28
1
0
18
34
40
30
39
3
39
30
32
34
3
32
40
32
16
7
0
16
17
34
20
23
22
25
19
1
1
36
13
27
27
38
27
13
26
27
22
12
2
29
12
39
29
39
20
39
26
22
14
0
12
4
5
17
9
15
32
24
21
20
9
24
39
9
11
39
37
39
20
40
19
39
37
27
26
39
37
30
30
38
0
39
2
29
5
40
39
33
27
39
10
31
35
39
30
33
37
39
1
0
40
9
40
15
11
3
13
39
32
33
21
27
39
4
16
5
