7
16
0
15
13
31
33
32
36
25
36
20
15
1
1
17
2
2
2
12
32
21
4
21
4
36
3
19
4
24
28
38
4
6
25
37
4
17
1
24
40
7
37
9
9
35
9
30
36
39
9
20
7
30
4
30
35
38
5
30
5
10
7
40
35
4
36
30
6
6
8
30
4
2
37
2
34
0
30
36
36
30
13
18
18
40
5
18
38
1
30
2
34
40
32
36
38
5
8
21
7
23
34
15
23
9
18
23
3
7
36
20
3
15
22
27
14
2
24
4
0
14
29
6
4
20
22
39
28
24
8
17
4
9
6
6
4
22
16
3
22
7
1
9
2
35
36
39
39
38
40
15
40
27
26
39
36
38
26
39
4
40
7
40
31
40
2
30
39
32
39
32
4
39
34
2
5
39
30
36
9
40
37
40
0
40
9
40
38
15
39
39
3
40
8
36
40
20
11
40
