15
23
23
34
29
34
36
19
30
38
18
22
0
1
0
18
2
2
27
2
22
1
22
4
12
39
4
32
39
24
2
22
38
27
6
17
24
27
40
4
27
2
20
36
9
30
39
9
7
20
9
25
34
1
2
39
29
3
33
33
35
10
27
27
30
36
40
31
37
2
36
33
0
8
30
7
0
9
3
35
30
39
5
18
39
34
30
1
10
38
30
13
34
0
13
14
32
40
5
3
15
23
23
34
36
23
34
20
21
1
18
22
0
36
0
18
17
2
27
24
22
18
29
18
27
39
24
27
39
0
23
6
31
19
31
21
1
14
1
27
9
2
7
30
29
6
39
39
10
39
37
14
11
39
2
39
38
27
40
18
35
10
40
6
39
4
39
31
40
2
22
39
0
31
27
7
39
19
3
18
5
39
26
18
39
1
30
1
10
39
13
13
34
4
39
23
39
40
40
27
