34
13
37
23
13
30
38
16
22
33
30
23
18
1
24
18
16
31
2
35
1
32
12
4
39
4
22
1
4
24
36
2
6
28
6
24
4
30
26
22
25
7
23
32
9
2
4
20
9
31
3
7
38
32
5
40
1
39
32
31
37
34
39
39
37
5
5
8
7
8
8
39
38
30
6
30
32
30
1
34
30
3
10
5
30
1
30
34
30
32
30
2
16
40
34
37
32
37
15
21
34
10
6
23
34
20
19
15
40
13
22
23
36
27
14
9
4
27
0
25
7
29
22
4
39
27
39
15
4
29
11
31
11
28
7
24
24
30
21
22
5
5
4
1
19
35
4
39
23
39
38
1
40
26
27
2
22
39
40
40
37
40
39
39
31
39
32
33
7
39
5
39
40
36
39
29
32
38
39
12
28
3
40
34
39
1
39
22
39
23
39
7
14
21
39
8
34
2
13
39
