38
20
15
12
12
26
16
40
36
20
22
0
33
27
25
30
2
2
14
2
23
29
12
4
19
40
4
22
29
2
28
27
6
4
26
22
6
26
2
3
28
0
30
39
4
9
36
1
28
9
1
38
37
40
33
35
7
38
39
10
6
7
40
39
33
2
8
7
5
10
37
30
10
9
11
32
30
39
7
34
30
30
38
10
30
11
36
32
34
30
12
2
40
11
34
11
32
17
32
21
5
0
15
4
34
23
0
40
36
20
22
0
14
27
25
27
12
1
24
27
5
29
15
39
27
14
14
22
29
24
10
18
6
24
31
17
14
9
30
3
17
24
32
10
22
22
40
1
34
37
39
38
9
20
15
38
7
39
20
39
37
7
40
38
12
40
8
39
38
40
37
23
40
9
9
36
0
5
39
34
2
38
38
10
39
4
16
37
40
39
39
2
40
40
40
11
40
18
32
21
