34
9
21
22
34
38
25
14
0
27
21
16
35
16
1
0
16
23
2
18
25
30
4
30
4
33
26
40
4
23
23
2
31
6
28
4
1
17
31
36
22
25
7
39
9
28
35
5
9
20
37
7
4
38
33
5
0
37
32
0
10
39
39
40
36
37
8
36
2
36
2
37
30
32
39
9
30
39
6
40
28
3
32
28
28
18
30
32
36
39
3
9
16
16
9
7
32
13
38
36
34
9
21
37
34
1
25
39
6
1
36
25
38
16
19
0
7
13
25
27
15
29
4
39
21
0
26
39
29
31
30
28
29
21
16
15
20
5
16
34
21
25
7
29
13
11
23
39
39
2
38
40
25
17
40
40
40
37
37
39
2
6
39
2
39
27
31
26
39
7
2
16
39
33
26
39
19
39
35
40
38
13
40
37
7
38
39
15
39
22
40
9
16
39
38
2
32
18
0
39
