7
36
0
29
35
23
13
31
23
29
38
20
29
21
1
24
16
40
19
2
27
23
4
4
12
4
26
23
24
2
1
4
6
6
6
22
25
27
39
31
39
7
24
9
36
9
39
7
9
5
40
33
20
34
38
39
7
10
10
1
38
3
30
34
2
40
32
3
5
38
7
10
7
30
36
11
30
32
3
30
28
7
30
8
36
30
32
18
0
30
8
34
32
16
0
40
32
9
4
5
7
36
0
16
34
40
5
25
23
1
38
36
8
0
5
25
16
17
19
0
27
23
29
11
25
4
39
23
16
2
19
25
6
23
6
12
25
27
5
0
25
3
19
18
36
10
39
15
38
19
40
18
21
15
39
39
35
39
37
4
39
30
30
14
2
39
0
3
5
39
11
39
23
39
11
39
31
12
39
31
36
40
39
39
36
10
39
10
39
30
40
34
39
28
35
39
30
9
39
5
