19
28
36
22
23
37
14
17
25
30
24
33
0
33
1
39
29
2
32
32
12
20
4
4
34
4
21
32
29
38
26
38
6
4
6
33
2
28
33
35
32
37
2
7
9
3
4
30
9
5
20
31
32
39
40
5
39
40
10
3
2
10
32
40
34
30
7
8
33
0
30
39
11
1
6
1
34
10
30
37
32
3
28
5
34
18
39
32
40
34
4
30
35
36
10
34
32
0
0
2
5
34
36
23
22
37
34
20
25
36
5
24
22
36
25
39
38
27
2
38
12
2
11
13
27
9
39
24
20
39
28
0
6
16
6
14
2
28
29
31
6
26
2
24
27
28
36
39
17
39
4
39
23
39
37
39
39
40
11
40
29
40
25
40
40
1
19
8
39
14
14
39
8
17
6
39
11
3
2
39
28
3
28
39
2
35
39
4
0
34
39
20
3
39
36
34
40
19
32
15
