38
0
25
18
20
36
16
35
13
18
38
19
29
38
14
35
26
2
18
1
35
14
12
4
38
4
22
26
19
4
26
2
6
29
6
17
2
21
28
24
2
39
7
9
5
9
2
37
9
37
20
28
34
0
38
30
10
10
38
40
10
2
32
0
30
40
37
37
37
2
33
30
7
11
30
2
39
34
11
1
28
39
28
12
32
30
7
38
11
34
8
32
34
32
34
32
32
17
0
5
38
0
34
19
20
25
1
10
0
25
9
22
12
11
25
20
15
15
4
1
4
29
4
4
8
29
22
24
4
4
5
20
24
6
22
15
2
2
7
5
2
20
36
9
38
11
35
40
37
11
20
15
0
39
13
29
39
15
14
5
10
39
36
0
39
1
40
37
37
39
33
27
39
11
35
35
39
9
23
1
28
39
21
35
37
40
8
40
11
1
17
39
33
13
37
15
32
39
0
5
